delivery,batsman,bowler,extras_dict,non_striker,runs_dict,wicket_dict,wides,noballs,legbyes,byes,penalty,kind,player_out,fielders,runs,extras,total,team,city,date,gender,match_type,neutral_venue,winner,winType,winMargin,result,resultHow,resultTeam,non_boundary,ManOfMatch,overs,team1,team2,tossWinner,tossDecision,venue
0.1,RD Gaikwad,UT Yadav,0,DP Conway,"{'extras': 0, 'total': 4, 'batsman': 4}",0,0.0,0.0,0.0,0,0,0,0,0,4,0,4,Chennai Super Kings,Kolkata,2023-04-23,male,T20,0,Chennai Super Kings,runs,49,0,0,0,0,AM Rahane,20,Chennai Super Kings,Kolkata Knight Riders,Kolkata Knight Riders,field,"Eden Gardens, Kolkata"
0.2,RD Gaikwad,UT Yadav,0,DP Conway,"{'extras': 0, 'total': 0, 'batsman': 0}",0,0.0,0.0,0.0,0,0,0,0,0,0,0,0,Chennai Super Kings,Kolkata,2023-04-23,male,T20,0,Chennai Super Kings,runs,49,0,0,0,0,AM Rahane,20,Chennai Super Kings,Kolkata Knight Riders,Kolkata Knight Riders,field,"Eden Gardens, Kolkata"
0.3,RD Gaikwad,UT Yadav,0,DP Conway,"{'extras': 0, 'total': 0, 'batsman': 0}",0,0.0,0.0,0.0,0,0,0,0,0,0,0,0,Chennai Super Kings,Kolkata,2023-04-23,male,T20,0,Chennai Super Kings,runs,49,0,0,0,0,AM Rahane,20,Chennai Super Kings,Kolkata Knight Riders,Kolkata Knight Riders,field,"Eden Gardens, Kolkata"
0.4,RD Gaikwad,UT Yadav,0,DP Conway,"{'extras': 0, 'total': 0, 'batsman': 0}",0,0.0,0.0,0.0,0,0,0,0,0,0,0,0,Chennai Super Kings,Kolkata,2023-04-23,male,T20,0,Chennai Super Kings,runs,49,0,0,0,0,AM Rahane,20,Chennai Super Kings,Kolkata Knight Riders,Kolkata Knight Riders,field,"Eden Gardens, Kolkata"
0.5,RD Gaikwad,UT Yadav,0,DP Conway,"{'extras': 0, 'total': 1, 'batsman': 1}",0,0.0,0.0,0.0,0,0,0,0,0,1,0,1,Chennai Super Kings,Kolkata,2023-04-23,male,T20,0,Chennai Super Kings,runs,49,0,0,0,0,AM Rahane,20,Chennai Super Kings,Kolkata Knight Riders,Kolkata Knight Riders,field,"Eden Gardens, Kolkata"
0.6,DP Conway,UT Yadav,0,RD Gaikwad,"{'extras': 0, 'total': 0, 'batsman': 0}",0,0.0,0.0,0.0,0,0,0,0,0,0,0,0,Chennai Super Kings,Kolkata,2023-04-23,male,T20,0,Chennai Super Kings,runs,49,0,0,0,0,AM Rahane,20,Chennai Super Kings,Kolkata Knight Riders,Kolkata Knight Riders,field,"Eden Gardens, Kolkata"
1.1,RD Gaikwad,D Wiese,0,DP Conway,"{'extras': 0, 'total': 1, 'batsman': 1}",0,0.0,0.0,0.0,0,0,0,0,0,1,0,1,Chennai Super Kings,Kolkata,2023-04-23,male,T20,0,Chennai Super Kings,runs,49,0,0,0,0,AM Rahane,20,Chennai Super Kings,Kolkata Knight Riders,Kolkata Knight Riders,field,"Eden Gardens, Kolkata"
1.2,DP Conway,D Wiese,0,RD Gaikwad,"{'extras': 0, 'total': 0, 'batsman': 0}",0,0.0,0.0,0.0,0,0,0,0,0,0,0,0,Chennai Super Kings,Kolkata,2023-04-23,male,T20,0,Chennai Super Kings,runs,49,0,0,0,0,AM Rahane,20,Chennai Super Kings,Kolkata Knight Riders,Kolkata Knight Riders,field,"Eden Gardens, Kolkata"
1.3,DP Conway,D Wiese,0,RD Gaikwad,"{'extras': 0, 'total': 1, 'batsman': 1}",0,0.0,0.0,0.0,0,0,0,0,0,1,0,1,Chennai Super Kings,Kolkata,2023-04-23,male,T20,0,Chennai Super Kings,runs,49,0,0,0,0,AM Rahane,20,Chennai Super Kings,Kolkata Knight Riders,Kolkata Knight Riders,field,"Eden Gardens, Kolkata"
1.4,RD Gaikwad,D Wiese,0,DP Conway,"{'extras': 0, 'total': 1, 'batsman': 1}",0,0.0,0.0,0.0,0,0,0,0,0,1,0,1,Chennai Super Kings,Kolkata,2023-04-23,male,T20,0,Chennai Super Kings,runs,49,0,0,0,0,AM Rahane,20,Chennai Super Kings,Kolkata Knight Riders,Kolkata Knight Riders,field,"Eden Gardens, Kolkata"
1.5,DP Conway,D Wiese,0,RD Gaikwad,"{'extras': 0, 'total': 6, 'batsman': 6}",0,0.0,0.0,0.0,0,0,0,0,0,6,0,6,Chennai Super Kings,Kolkata,2023-04-23,male,T20,0,Chennai Super Kings,runs,49,0,0,0,0,AM Rahane,20,Chennai Super Kings,Kolkata Knight Riders,Kolkata Knight Riders,field,"Eden Gardens, Kolkata"
1.6,DP Conway,D Wiese,0,RD Gaikwad,"{'extras': 0, 'total': 0, 'batsman': 0}",0,0.0,0.0,0.0,0,0,0,0,0,0,0,0,Chennai Super Kings,Kolkata,2023-04-23,male,T20,0,Chennai Super Kings,runs,49,0,0,0,0,AM Rahane,20,Chennai Super Kings,Kolkata Knight Riders,Kolkata Knight Riders,field,"Eden Gardens, Kolkata"
2.1,RD Gaikwad,UT Yadav,0,DP Conway,"{'extras': 0, 'total': 1, 'batsman': 1}",0,0.0,0.0,0.0,0,0,0,0,0,1,0,1,Chennai Super Kings,Kolkata,2023-04-23,male,T20,0,Chennai Super Kings,runs,49,0,0,0,0,AM Rahane,20,Chennai Super Kings,Kolkata Knight Riders,Kolkata Knight Riders,field,"Eden Gardens, Kolkata"
2.2,DP Conway,UT Yadav,0,RD Gaikwad,"{'extras': 0, 'total': 0, 'batsman': 0}",0,0.0,0.0,0.0,0,0,0,0,0,0,0,0,Chennai Super Kings,Kolkata,2023-04-23,male,T20,0,Chennai Super Kings,runs,49,0,0,0,0,AM Rahane,20,Chennai Super Kings,Kolkata Knight Riders,Kolkata Knight Riders,field,"Eden Gardens, Kolkata"
2.3,DP Conway,UT Yadav,0,RD Gaikwad,"{'extras': 0, 'total': 0, 'batsman': 0}",0,0.0,0.0,0.0,0,0,0,0,0,0,0,0,Chennai Super Kings,Kolkata,2023-04-23,male,T20,0,Chennai Super Kings,runs,49,0,0,0,0,AM Rahane,20,Chennai Super Kings,Kolkata Knight Riders,Kolkata Knight Riders,field,"Eden Gardens, Kolkata"
2.4,DP Conway,UT Yadav,0,RD Gaikwad,"{'extras': 0, 'total': 1, 'batsman': 1}",0,0.0,0.0,0.0,0,0,0,0,0,1,0,1,Chennai Super Kings,Kolkata,2023-04-23,male,T20,0,Chennai Super Kings,runs,49,0,0,0,0,AM Rahane,20,Chennai Super Kings,Kolkata Knight Riders,Kolkata Knight Riders,field,"Eden Gardens, Kolkata"
2.5,RD Gaikwad,UT Yadav,0,DP Conway,"{'extras': 0, 'total': 0, 'batsman': 0}",0,0.0,0.0,0.0,0,0,0,0,0,0,0,0,Chennai Super Kings,Kolkata,2023-04-23,male,T20,0,Chennai Super Kings,runs,49,0,0,0,0,AM Rahane,20,Chennai Super Kings,Kolkata Knight Riders,Kolkata Knight Riders,field,"Eden Gardens, Kolkata"
2.6,RD Gaikwad,UT Yadav,0,DP Conway,"{'extras': 0, 'total': 6, 'batsman': 6}",0,0.0,0.0,0.0,0,0,0,0,0,6,0,6,Chennai Super Kings,Kolkata,2023-04-23,male,T20,0,Chennai Super Kings,runs,49,0,0,0,0,AM Rahane,20,Chennai Super Kings,Kolkata Knight Riders,Kolkata Knight Riders,field,"Eden Gardens, Kolkata"
3.1,DP Conway,CV Varun,0,RD Gaikwad,"{'extras': 0, 'total': 0, 'batsman': 0}",0,0.0,0.0,0.0,0,0,0,0,0,0,0,0,Chennai Super Kings,Kolkata,2023-04-23,male,T20,0,Chennai Super Kings,runs,49,0,0,0,0,AM Rahane,20,Chennai Super Kings,Kolkata Knight Riders,Kolkata Knight Riders,field,"Eden Gardens, Kolkata"
3.2,DP Conway,CV Varun,0,RD Gaikwad,"{'extras': 0, 'total': 0, 'batsman': 0}",0,0.0,0.0,0.0,0,0,0,0,0,0,0,0,Chennai Super Kings,Kolkata,2023-04-23,male,T20,0,Chennai Super Kings,runs,49,0,0,0,0,AM Rahane,20,Chennai Super Kings,Kolkata Knight Riders,Kolkata Knight Riders,field,"Eden Gardens, Kolkata"
3.3,DP Conway,CV Varun,0,RD Gaikwad,"{'extras': 0, 'total': 0, 'batsman': 0}",0,0.0,0.0,0.0,0,0,0,0,0,0,0,0,Chennai Super Kings,Kolkata,2023-04-23,male,T20,0,Chennai Super Kings,runs,49,0,0,0,0,AM Rahane,20,Chennai Super Kings,Kolkata Knight Riders,Kolkata Knight Riders,field,"Eden Gardens, Kolkata"
3.4,DP Conway,CV Varun,0,RD Gaikwad,"{'extras': 0, 'total': 2, 'batsman': 2}",0,0.0,0.0,0.0,0,0,0,0,0,2,0,2,Chennai Super Kings,Kolkata,2023-04-23,male,T20,0,Chennai Super Kings,runs,49,0,0,0,0,AM Rahane,20,Chennai Super Kings,Kolkata Knight Riders,Kolkata Knight Riders,field,"Eden Gardens, Kolkata"
3.5,DP Conway,CV Varun,0,RD Gaikwad,"{'extras': 0, 'total': 6, 'batsman': 6}",0,0.0,0.0,0.0,0,0,0,0,0,6,0,6,Chennai Super Kings,Kolkata,2023-04-23,male,T20,0,Chennai Super Kings,runs,49,0,0,0,0,AM Rahane,20,Chennai Super Kings,Kolkata Knight Riders,Kolkata Knight Riders,field,"Eden Gardens, Kolkata"
3.6,DP Conway,CV Varun,0,RD Gaikwad,"{'extras': 0, 'total': 1, 'batsman': 1}",0,0.0,0.0,0.0,0,0,0,0,0,1,0,1,Chennai Super Kings,Kolkata,2023-04-23,male,T20,0,Chennai Super Kings,runs,49,0,0,0,0,AM Rahane,20,Chennai Super Kings,Kolkata Knight Riders,Kolkata Knight Riders,field,"Eden Gardens, Kolkata"
4.1,DP Conway,D Wiese,0,RD Gaikwad,"{'extras': 0, 'total': 4, 'batsman': 4}",0,0.0,0.0,0.0,0,0,0,0,0,4,0,4,Chennai Super Kings,Kolkata,2023-04-23,male,T20,0,Chennai Super Kings,runs,49,0,0,0,0,AM Rahane,20,Chennai Super Kings,Kolkata Knight Riders,Kolkata Knight Riders,field,"Eden Gardens, Kolkata"
4.2,DP Conway,D Wiese,0,RD Gaikwad,"{'extras': 0, 'total': 2, 'batsman': 2}",0,0.0,0.0,0.0,0,0,0,0,0,2,0,2,Chennai Super Kings,Kolkata,2023-04-23,male,T20,0,Chennai Super Kings,runs,49,0,0,0,0,AM Rahane,20,Chennai Super Kings,Kolkata Knight Riders,Kolkata Knight Riders,field,"Eden Gardens, Kolkata"
4.3,DP Conway,D Wiese,0,RD Gaikwad,"{'extras': 0, 'total': 4, 'batsman': 4}",0,0.0,0.0,0.0,0,0,0,0,0,4,0,4,Chennai Super Kings,Kolkata,2023-04-23,male,T20,0,Chennai Super Kings,runs,49,0,0,0,0,AM Rahane,20,Chennai Super Kings,Kolkata Knight Riders,Kolkata Knight Riders,field,"Eden Gardens, Kolkata"
4.4,DP Conway,D Wiese,0,RD Gaikwad,"{'extras': 0, 'total': 2, 'batsman': 2}",0,0.0,0.0,0.0,0,0,0,0,0,2,0,2,Chennai Super Kings,Kolkata,2023-04-23,male,T20,0,Chennai Super Kings,runs,49,0,0,0,0,AM Rahane,20,Chennai Super Kings,Kolkata Knight Riders,Kolkata Knight Riders,field,"Eden Gardens, Kolkata"
4.5,DP Conway,D Wiese,0,RD Gaikwad,"{'extras': 0, 'total': 2, 'batsman': 2}",0,0.0,0.0,0.0,0,0,0,0,0,2,0,2,Chennai Super Kings,Kolkata,2023-04-23,male,T20,0,Chennai Super Kings,runs,49,0,0,0,0,AM Rahane,20,Chennai Super Kings,Kolkata Knight Riders,Kolkata Knight Riders,field,"Eden Gardens, Kolkata"
4.6,DP Conway,D Wiese,0,RD Gaikwad,"{'extras': 0, 'total': 0, 'batsman': 0}",0,0.0,0.0,0.0,0,0,0,0,0,0,0,0,Chennai Super Kings,Kolkata,2023-04-23,male,T20,0,Chennai Super Kings,runs,49,0,0,0,0,AM Rahane,20,Chennai Super Kings,Kolkata Knight Riders,Kolkata Knight Riders,field,"Eden Gardens, Kolkata"
5.1,RD Gaikwad,K Khejroliya,0,DP Conway,"{'extras': 0, 'total': 1, 'batsman': 1}",0,0.0,0.0,0.0,0,0,0,0,0,1,0,1,Chennai Super Kings,Kolkata,2023-04-23,male,T20,0,Chennai Super Kings,runs,49,0,0,0,0,AM Rahane,20,Chennai Super Kings,Kolkata Knight Riders,Kolkata Knight Riders,field,"Eden Gardens, Kolkata"
5.2,DP Conway,K Khejroliya,0,RD Gaikwad,"{'extras': 0, 'total': 4, 'batsman': 4}",0,0.0,0.0,0.0,0,0,0,0,0,4,0,4,Chennai Super Kings,Kolkata,2023-04-23,male,T20,0,Chennai Super Kings,runs,49,0,0,0,0,AM Rahane,20,Chennai Super Kings,Kolkata Knight Riders,Kolkata Knight Riders,field,"Eden Gardens, Kolkata"
5.3,DP Conway,K Khejroliya,0,RD Gaikwad,"{'extras': 0, 'total': 1, 'batsman': 1}",0,0.0,0.0,0.0,0,0,0,0,0,1,0,1,Chennai Super Kings,Kolkata,2023-04-23,male,T20,0,Chennai Super Kings,runs,49,0,0,0,0,AM Rahane,20,Chennai Super Kings,Kolkata Knight Riders,Kolkata Knight Riders,field,"Eden Gardens, Kolkata"
5.4,RD Gaikwad,K Khejroliya,0,DP Conway,"{'extras': 0, 'total': 6, 'batsman': 6}",0,0.0,0.0,0.0,0,0,0,0,0,6,0,6,Chennai Super Kings,Kolkata,2023-04-23,male,T20,0,Chennai Super Kings,runs,49,0,0,0,0,AM Rahane,20,Chennai Super Kings,Kolkata Knight Riders,Kolkata Knight Riders,field,"Eden Gardens, Kolkata"
5.5,RD Gaikwad,K Khejroliya,0,DP Conway,"{'extras': 0, 'total': 2, 'batsman': 2}",0,0.0,0.0,0.0,0,0,0,0,0,2,0,2,Chennai Super Kings,Kolkata,2023-04-23,male,T20,0,Chennai Super Kings,runs,49,0,0,0,0,AM Rahane,20,Chennai Super Kings,Kolkata Knight Riders,Kolkata Knight Riders,field,"Eden Gardens, Kolkata"
5.6,RD Gaikwad,K Khejroliya,0,DP Conway,"{'extras': 0, 'total': 0, 'batsman': 0}",0,0.0,0.0,0.0,0,0,0,0,0,0,0,0,Chennai Super Kings,Kolkata,2023-04-23,male,T20,0,Chennai Super Kings,runs,49,0,0,0,0,AM Rahane,20,Chennai Super Kings,Kolkata Knight Riders,Kolkata Knight Riders,field,"Eden Gardens, Kolkata"
6.1,DP Conway,SP Narine,0,RD Gaikwad,"{'extras': 0, 'total': 1, 'batsman': 1}",0,0.0,0.0,0.0,0,0,0,0,0,1,0,1,Chennai Super Kings,Kolkata,2023-04-23,male,T20,0,Chennai Super Kings,runs,49,0,0,0,0,AM Rahane,20,Chennai Super Kings,Kolkata Knight Riders,Kolkata Knight Riders,field,"Eden Gardens, Kolkata"
6.2,RD Gaikwad,SP Narine,0,DP Conway,"{'extras': 0, 'total': 0, 'batsman': 0}",0,0.0,0.0,0.0,0,0,0,0,0,0,0,0,Chennai Super Kings,Kolkata,2023-04-23,male,T20,0,Chennai Super Kings,runs,49,0,0,0,0,AM Rahane,20,Chennai Super Kings,Kolkata Knight Riders,Kolkata Knight Riders,field,"Eden Gardens, Kolkata"
6.3,RD Gaikwad,SP Narine,0,DP Conway,"{'extras': 0, 'total': 2, 'batsman': 2}",0,0.0,0.0,0.0,0,0,0,0,0,2,0,2,Chennai Super Kings,Kolkata,2023-04-23,male,T20,0,Chennai Super Kings,runs,49,0,0,0,0,AM Rahane,20,Chennai Super Kings,Kolkata Knight Riders,Kolkata Knight Riders,field,"Eden Gardens, Kolkata"
6.4,RD Gaikwad,SP Narine,0,DP Conway,"{'extras': 0, 'total': 0, 'batsman': 0}",0,0.0,0.0,0.0,0,0,0,0,0,0,0,0,Chennai Super Kings,Kolkata,2023-04-23,male,T20,0,Chennai Super Kings,runs,49,0,0,0,0,AM Rahane,20,Chennai Super Kings,Kolkata Knight Riders,Kolkata Knight Riders,field,"Eden Gardens, Kolkata"
6.5,RD Gaikwad,SP Narine,0,DP Conway,"{'extras': 0, 'total': 4, 'batsman': 4}",0,0.0,0.0,0.0,0,0,0,0,0,4,0,4,Chennai Super Kings,Kolkata,2023-04-23,male,T20,0,Chennai Super Kings,runs,49,0,0,0,0,AM Rahane,20,Chennai Super Kings,Kolkata Knight Riders,Kolkata Knight Riders,field,"Eden Gardens, Kolkata"
6.6,RD Gaikwad,SP Narine,0,DP Conway,"{'extras': 0, 'total': 6, 'batsman': 6}",0,0.0,0.0,0.0,0,0,0,0,0,6,0,6,Chennai Super Kings,Kolkata,2023-04-23,male,T20,0,Chennai Super Kings,runs,49,0,0,0,0,AM Rahane,20,Chennai Super Kings,Kolkata Knight Riders,Kolkata Knight Riders,field,"Eden Gardens, Kolkata"
7.1,DP Conway,Suyash Sharma,0,RD Gaikwad,"{'extras': 0, 'total': 0, 'batsman': 0}",0,0.0,0.0,0.0,0,0,0,0,0,0,0,0,Chennai Super Kings,Kolkata,2023-04-23,male,T20,0,Chennai Super Kings,runs,49,0,0,0,0,AM Rahane,20,Chennai Super Kings,Kolkata Knight Riders,Kolkata Knight Riders,field,"Eden Gardens, Kolkata"
7.2,DP Conway,Suyash Sharma,0,RD Gaikwad,"{'extras': 0, 'total': 1, 'batsman': 1}",0,0.0,0.0,0.0,0,0,0,0,0,1,0,1,Chennai Super Kings,Kolkata,2023-04-23,male,T20,0,Chennai Super Kings,runs,49,0,0,0,0,AM Rahane,20,Chennai Super Kings,Kolkata Knight Riders,Kolkata Knight Riders,field,"Eden Gardens, Kolkata"
7.3,RD Gaikwad,Suyash Sharma,0,DP Conway,"{'extras': 0, 'total': 0, 'batsman': 0}","{'player_out': 'RD Gaikwad', 'kind': 'bowled'}",0.0,0.0,0.0,0,0,bowled,RD Gaikwad,0,0,0,0,Chennai Super Kings,Kolkata,2023-04-23,male,T20,0,Chennai Super Kings,runs,49,0,0,0,0,AM Rahane,20,Chennai Super Kings,Kolkata Knight Riders,Kolkata Knight Riders,field,"Eden Gardens, Kolkata"
7.4,AM Rahane,Suyash Sharma,0,DP Conway,"{'extras': 0, 'total': 1, 'batsman': 1}",0,0.0,0.0,0.0,0,0,0,0,0,1,0,1,Chennai Super Kings,Kolkata,2023-04-23,male,T20,0,Chennai Super Kings,runs,49,0,0,0,0,AM Rahane,20,Chennai Super Kings,Kolkata Knight Riders,Kolkata Knight Riders,field,"Eden Gardens, Kolkata"
7.5,DP Conway,Suyash Sharma,0,AM Rahane,"{'extras': 0, 'total': 1, 'batsman': 1}",0,0.0,0.0,0.0,0,0,0,0,0,1,0,1,Chennai Super Kings,Kolkata,2023-04-23,male,T20,0,Chennai Super Kings,runs,49,0,0,0,0,AM Rahane,20,Chennai Super Kings,Kolkata Knight Riders,Kolkata Knight Riders,field,"Eden Gardens, Kolkata"
7.6,AM Rahane,Suyash Sharma,0,DP Conway,"{'extras': 0, 'total': 4, 'batsman': 4}",0,0.0,0.0,0.0,0,0,0,0,0,4,0,4,Chennai Super Kings,Kolkata,2023-04-23,male,T20,0,Chennai Super Kings,runs,49,0,0,0,0,AM Rahane,20,Chennai Super Kings,Kolkata Knight Riders,Kolkata Knight Riders,field,"Eden Gardens, Kolkata"
8.1,DP Conway,SP Narine,0,AM Rahane,"{'extras': 0, 'total': 1, 'batsman': 1}",0,0.0,0.0,0.0,0,0,0,0,0,1,0,1,Chennai Super Kings,Kolkata,2023-04-23,male,T20,0,Chennai Super Kings,runs,49,0,0,0,0,AM Rahane,20,Chennai Super Kings,Kolkata Knight Riders,Kolkata Knight Riders,field,"Eden Gardens, Kolkata"
8.2,AM Rahane,SP Narine,0,DP Conway,"{'extras': 0, 'total': 1, 'batsman': 1}",0,0.0,0.0,0.0,0,0,0,0,0,1,0,1,Chennai Super Kings,Kolkata,2023-04-23,male,T20,0,Chennai Super Kings,runs,49,0,0,0,0,AM Rahane,20,Chennai Super Kings,Kolkata Knight Riders,Kolkata Knight Riders,field,"Eden Gardens, Kolkata"
8.3,DP Conway,SP Narine,0,AM Rahane,"{'extras': 0, 'total': 0, 'batsman': 0}",0,0.0,0.0,0.0,0,0,0,0,0,0,0,0,Chennai Super Kings,Kolkata,2023-04-23,male,T20,0,Chennai Super Kings,runs,49,0,0,0,0,AM Rahane,20,Chennai Super Kings,Kolkata Knight Riders,Kolkata Knight Riders,field,"Eden Gardens, Kolkata"
8.4,DP Conway,SP Narine,0,AM Rahane,"{'extras': 0, 'total': 1, 'batsman': 1}",0,0.0,0.0,0.0,0,0,0,0,0,1,0,1,Chennai Super Kings,Kolkata,2023-04-23,male,T20,0,Chennai Super Kings,runs,49,0,0,0,0,AM Rahane,20,Chennai Super Kings,Kolkata Knight Riders,Kolkata Knight Riders,field,"Eden Gardens, Kolkata"
8.5,AM Rahane,SP Narine,0,DP Conway,"{'extras': 0, 'total': 1, 'batsman': 1}",0,0.0,0.0,0.0,0,0,0,0,0,1,0,1,Chennai Super Kings,Kolkata,2023-04-23,male,T20,0,Chennai Super Kings,runs,49,0,0,0,0,AM Rahane,20,Chennai Super Kings,Kolkata Knight Riders,Kolkata Knight Riders,field,"Eden Gardens, Kolkata"
8.6,DP Conway,SP Narine,0,AM Rahane,"{'extras': 0, 'total': 6, 'batsman': 6}",0,0.0,0.0,0.0,0,0,0,0,0,6,0,6,Chennai Super Kings,Kolkata,2023-04-23,male,T20,0,Chennai Super Kings,runs,49,0,0,0,0,AM Rahane,20,Chennai Super Kings,Kolkata Knight Riders,Kolkata Knight Riders,field,"Eden Gardens, Kolkata"
9.1,AM Rahane,Suyash Sharma,0,DP Conway,"{'extras': 0, 'total': 1, 'batsman': 1}",0,0.0,0.0,0.0,0,0,0,0,0,1,0,1,Chennai Super Kings,Kolkata,2023-04-23,male,T20,0,Chennai Super Kings,runs,49,0,0,0,0,AM Rahane,20,Chennai Super Kings,Kolkata Knight Riders,Kolkata Knight Riders,field,"Eden Gardens, Kolkata"
9.2,DP Conway,Suyash Sharma,0,AM Rahane,"{'extras': 0, 'total': 0, 'batsman': 0}",0,0.0,0.0,0.0,0,0,0,0,0,0,0,0,Chennai Super Kings,Kolkata,2023-04-23,male,T20,0,Chennai Super Kings,runs,49,0,0,0,0,AM Rahane,20,Chennai Super Kings,Kolkata Knight Riders,Kolkata Knight Riders,field,"Eden Gardens, Kolkata"
9.3,DP Conway,Suyash Sharma,0,AM Rahane,"{'extras': 0, 'total': 2, 'batsman': 2}",0,0.0,0.0,0.0,0,0,0,0,0,2,0,2,Chennai Super Kings,Kolkata,2023-04-23,male,T20,0,Chennai Super Kings,runs,49,0,0,0,0,AM Rahane,20,Chennai Super Kings,Kolkata Knight Riders,Kolkata Knight Riders,field,"Eden Gardens, Kolkata"
9.4,DP Conway,Suyash Sharma,0,AM Rahane,"{'extras': 0, 'total': 0, 'batsman': 0}",0,0.0,0.0,0.0,0,0,0,0,0,0,0,0,Chennai Super Kings,Kolkata,2023-04-23,male,T20,0,Chennai Super Kings,runs,49,0,0,0,0,AM Rahane,20,Chennai Super Kings,Kolkata Knight Riders,Kolkata Knight Riders,field,"Eden Gardens, Kolkata"
9.5,DP Conway,Suyash Sharma,0,AM Rahane,"{'extras': 0, 'total': 1, 'batsman': 1}",0,0.0,0.0,0.0,0,0,0,0,0,1,0,1,Chennai Super Kings,Kolkata,2023-04-23,male,T20,0,Chennai Super Kings,runs,49,0,0,0,0,AM Rahane,20,Chennai Super Kings,Kolkata Knight Riders,Kolkata Knight Riders,field,"Eden Gardens, Kolkata"
9.6,AM Rahane,Suyash Sharma,0,DP Conway,"{'extras': 0, 'total': 1, 'batsman': 1}",0,0.0,0.0,0.0,0,0,0,0,0,1,0,1,Chennai Super Kings,Kolkata,2023-04-23,male,T20,0,Chennai Super Kings,runs,49,0,0,0,0,AM Rahane,20,Chennai Super Kings,Kolkata Knight Riders,Kolkata Knight Riders,field,"Eden Gardens, Kolkata"
10.1,AM Rahane,CV Varun,0,DP Conway,"{'extras': 0, 'total': 1, 'batsman': 1}",0,0.0,0.0,0.0,0,0,0,0,0,1,0,1,Chennai Super Kings,Kolkata,2023-04-23,male,T20,0,Chennai Super Kings,runs,49,0,0,0,0,AM Rahane,20,Chennai Super Kings,Kolkata Knight Riders,Kolkata Knight Riders,field,"Eden Gardens, Kolkata"
10.2,DP Conway,CV Varun,0,AM Rahane,"{'extras': 0, 'total': 0, 'batsman': 0}",0,0.0,0.0,0.0,0,0,0,0,0,0,0,0,Chennai Super Kings,Kolkata,2023-04-23,male,T20,0,Chennai Super Kings,runs,49,0,0,0,0,AM Rahane,20,Chennai Super Kings,Kolkata Knight Riders,Kolkata Knight Riders,field,"Eden Gardens, Kolkata"
10.3,DP Conway,CV Varun,0,AM Rahane,"{'extras': 0, 'total': 4, 'batsman': 4}",0,0.0,0.0,0.0,0,0,0,0,0,4,0,4,Chennai Super Kings,Kolkata,2023-04-23,male,T20,0,Chennai Super Kings,runs,49,0,0,0,0,AM Rahane,20,Chennai Super Kings,Kolkata Knight Riders,Kolkata Knight Riders,field,"Eden Gardens, Kolkata"
10.4,DP Conway,CV Varun,0,AM Rahane,"{'extras': 0, 'total': 0, 'batsman': 0}",0,0.0,0.0,0.0,0,0,0,0,0,0,0,0,Chennai Super Kings,Kolkata,2023-04-23,male,T20,0,Chennai Super Kings,runs,49,0,0,0,0,AM Rahane,20,Chennai Super Kings,Kolkata Knight Riders,Kolkata Knight Riders,field,"Eden Gardens, Kolkata"
10.5,DP Conway,CV Varun,0,AM Rahane,"{'extras': 0, 'total': 1, 'batsman': 1}",0,0.0,0.0,0.0,0,0,0,0,0,1,0,1,Chennai Super Kings,Kolkata,2023-04-23,male,T20,0,Chennai Super Kings,runs,49,0,0,0,0,AM Rahane,20,Chennai Super Kings,Kolkata Knight Riders,Kolkata Knight Riders,field,"Eden Gardens, Kolkata"
10.6,AM Rahane,CV Varun,0,DP Conway,"{'extras': 0, 'total': 1, 'batsman': 1}",0,0.0,0.0,0.0,0,0,0,0,0,1,0,1,Chennai Super Kings,Kolkata,2023-04-23,male,T20,0,Chennai Super Kings,runs,49,0,0,0,0,AM Rahane,20,Chennai Super Kings,Kolkata Knight Riders,Kolkata Knight Riders,field,"Eden Gardens, Kolkata"
11.1,AM Rahane,Suyash Sharma,0,DP Conway,"{'extras': 0, 'total': 0, 'batsman': 0}",0,0.0,0.0,0.0,0,0,0,0,0,0,0,0,Chennai Super Kings,Kolkata,2023-04-23,male,T20,0,Chennai Super Kings,runs,49,0,0,0,0,AM Rahane,20,Chennai Super Kings,Kolkata Knight Riders,Kolkata Knight Riders,field,"Eden Gardens, Kolkata"
11.2,AM Rahane,Suyash Sharma,0,DP Conway,"{'extras': 0, 'total': 2, 'batsman': 2}",0,0.0,0.0,0.0,0,0,0,0,0,2,0,2,Chennai Super Kings,Kolkata,2023-04-23,male,T20,0,Chennai Super Kings,runs,49,0,0,0,0,AM Rahane,20,Chennai Super Kings,Kolkata Knight Riders,Kolkata Knight Riders,field,"Eden Gardens, Kolkata"
11.3,AM Rahane,Suyash Sharma,0,DP Conway,"{'extras': 0, 'total': 4, 'batsman': 4}",0,0.0,0.0,0.0,0,0,0,0,0,4,0,4,Chennai Super Kings,Kolkata,2023-04-23,male,T20,0,Chennai Super Kings,runs,49,0,0,0,0,AM Rahane,20,Chennai Super Kings,Kolkata Knight Riders,Kolkata Knight Riders,field,"Eden Gardens, Kolkata"
11.4,AM Rahane,Suyash Sharma,0,DP Conway,"{'extras': 0, 'total': 1, 'batsman': 1}",0,0.0,0.0,0.0,0,0,0,0,0,1,0,1,Chennai Super Kings,Kolkata,2023-04-23,male,T20,0,Chennai Super Kings,runs,49,0,0,0,0,AM Rahane,20,Chennai Super Kings,Kolkata Knight Riders,Kolkata Knight Riders,field,"Eden Gardens, Kolkata"
11.5,DP Conway,Suyash Sharma,0,AM Rahane,"{'extras': 0, 'total': 1, 'batsman': 1}",0,0.0,0.0,0.0,0,0,0,0,0,1,0,1,Chennai Super Kings,Kolkata,2023-04-23,male,T20,0,Chennai Super Kings,runs,49,0,0,0,0,AM Rahane,20,Chennai Super Kings,Kolkata Knight Riders,Kolkata Knight Riders,field,"Eden Gardens, Kolkata"
11.6,AM Rahane,Suyash Sharma,0,DP Conway,"{'extras': 0, 'total': 0, 'batsman': 0}",0,0.0,0.0,0.0,0,0,0,0,0,0,0,0,Chennai Super Kings,Kolkata,2023-04-23,male,T20,0,Chennai Super Kings,runs,49,0,0,0,0,AM Rahane,20,Chennai Super Kings,Kolkata Knight Riders,Kolkata Knight Riders,field,"Eden Gardens, Kolkata"
12.1,DP Conway,CV Varun,0,AM Rahane,"{'extras': 0, 'total': 0, 'batsman': 0}","{'player_out': 'DP Conway', 'fielders': ['D Wiese'], 'kind': 'caught'}",0.0,0.0,0.0,0,0,caught,DP Conway,['D Wiese'],0,0,0,Chennai Super Kings,Kolkata,2023-04-23,male,T20,0,Chennai Super Kings,runs,49,0,0,0,0,AM Rahane,20,Chennai Super Kings,Kolkata Knight Riders,Kolkata Knight Riders,field,"Eden Gardens, Kolkata"
12.2,S Dube,CV Varun,0,AM Rahane,"{'extras': 0, 'total': 0, 'batsman': 0}",0,0.0,0.0,0.0,0,0,0,0,0,0,0,0,Chennai Super Kings,Kolkata,2023-04-23,male,T20,0,Chennai Super Kings,runs,49,0,0,0,0,AM Rahane,20,Chennai Super Kings,Kolkata Knight Riders,Kolkata Knight Riders,field,"Eden Gardens, Kolkata"
12.3,S Dube,CV Varun,0,AM Rahane,"{'extras': 0, 'total': 1, 'batsman': 1}",0,0.0,0.0,0.0,0,0,0,0,0,1,0,1,Chennai Super Kings,Kolkata,2023-04-23,male,T20,0,Chennai Super Kings,runs,49,0,0,0,0,AM Rahane,20,Chennai Super Kings,Kolkata Knight Riders,Kolkata Knight Riders,field,"Eden Gardens, Kolkata"
12.4,AM Rahane,CV Varun,0,S Dube,"{'extras': 0, 'total': 1, 'batsman': 1}",0,0.0,0.0,0.0,0,0,0,0,0,1,0,1,Chennai Super Kings,Kolkata,2023-04-23,male,T20,0,Chennai Super Kings,runs,49,0,0,0,0,AM Rahane,20,Chennai Super Kings,Kolkata Knight Riders,Kolkata Knight Riders,field,"Eden Gardens, Kolkata"
12.5,S Dube,CV Varun,0,AM Rahane,"{'extras': 0, 'total': 6, 'batsman': 6}",0,0.0,0.0,0.0,0,0,0,0,0,6,0,6,Chennai Super Kings,Kolkata,2023-04-23,male,T20,0,Chennai Super Kings,runs,49,0,0,0,0,AM Rahane,20,Chennai Super Kings,Kolkata Knight Riders,Kolkata Knight Riders,field,"Eden Gardens, Kolkata"
12.6,S Dube,CV Varun,0,AM Rahane,"{'extras': 0, 'total': 6, 'batsman': 6}",0,0.0,0.0,0.0,0,0,0,0,0,6,0,6,Chennai Super Kings,Kolkata,2023-04-23,male,T20,0,Chennai Super Kings,runs,49,0,0,0,0,AM Rahane,20,Chennai Super Kings,Kolkata Knight Riders,Kolkata Knight Riders,field,"Eden Gardens, Kolkata"
13.1,AM Rahane,UT Yadav,0,S Dube,"{'extras': 0, 'total': 6, 'batsman': 6}",0,0.0,0.0,0.0,0,0,0,0,0,6,0,6,Chennai Super Kings,Kolkata,2023-04-23,male,T20,0,Chennai Super Kings,runs,49,0,0,0,0,AM Rahane,20,Chennai Super Kings,Kolkata Knight Riders,Kolkata Knight Riders,field,"Eden Gardens, Kolkata"
13.2,AM Rahane,UT Yadav,0,S Dube,"{'extras': 0, 'total': 6, 'batsman': 6}",0,0.0,0.0,0.0,0,0,0,0,0,6,0,6,Chennai Super Kings,Kolkata,2023-04-23,male,T20,0,Chennai Super Kings,runs,49,0,0,0,0,AM Rahane,20,Chennai Super Kings,Kolkata Knight Riders,Kolkata Knight Riders,field,"Eden Gardens, Kolkata"
13.3,AM Rahane,UT Yadav,0,S Dube,"{'extras': 0, 'total': 4, 'batsman': 4}",0,0.0,0.0,0.0,0,0,0,0,0,4,0,4,Chennai Super Kings,Kolkata,2023-04-23,male,T20,0,Chennai Super Kings,runs,49,0,0,0,0,AM Rahane,20,Chennai Super Kings,Kolkata Knight Riders,Kolkata Knight Riders,field,"Eden Gardens, Kolkata"
13.4,AM Rahane,UT Yadav,0,S Dube,"{'extras': 0, 'total': 1, 'batsman': 1}",0,0.0,0.0,0.0,0,0,0,0,0,1,0,1,Chennai Super Kings,Kolkata,2023-04-23,male,T20,0,Chennai Super Kings,runs,49,0,0,0,0,AM Rahane,20,Chennai Super Kings,Kolkata Knight Riders,Kolkata Knight Riders,field,"Eden Gardens, Kolkata"
13.5,S Dube,UT Yadav,0,AM Rahane,"{'extras': 0, 'total': 4, 'batsman': 4}",0,0.0,0.0,0.0,0,0,0,0,0,4,0,4,Chennai Super Kings,Kolkata,2023-04-23,male,T20,0,Chennai Super Kings,runs,49,0,0,0,0,AM Rahane,20,Chennai Super Kings,Kolkata Knight Riders,Kolkata Knight Riders,field,"Eden Gardens, Kolkata"
13.6,S Dube,UT Yadav,0,AM Rahane,"{'extras': 0, 'total': 1, 'batsman': 1}",0,0.0,0.0,0.0,0,0,0,0,0,1,0,1,Chennai Super Kings,Kolkata,2023-04-23,male,T20,0,Chennai Super Kings,runs,49,0,0,0,0,AM Rahane,20,Chennai Super Kings,Kolkata Knight Riders,Kolkata Knight Riders,field,"Eden Gardens, Kolkata"
14.1,S Dube,D Wiese,0,AM Rahane,"{'extras': 0, 'total': 6, 'batsman': 6}",0,0.0,0.0,0.0,0,0,0,0,0,6,0,6,Chennai Super Kings,Kolkata,2023-04-23,male,T20,0,Chennai Super Kings,runs,49,0,0,0,0,AM Rahane,20,Chennai Super Kings,Kolkata Knight Riders,Kolkata Knight Riders,field,"Eden Gardens, Kolkata"
14.2,S Dube,D Wiese,0,AM Rahane,"{'extras': 0, 'total': 4, 'batsman': 4}",0,0.0,0.0,0.0,0,0,0,0,0,4,0,4,Chennai Super Kings,Kolkata,2023-04-23,male,T20,0,Chennai Super Kings,runs,49,0,0,0,0,AM Rahane,20,Chennai Super Kings,Kolkata Knight Riders,Kolkata Knight Riders,field,"Eden Gardens, Kolkata"
14.3,S Dube,D Wiese,0,AM Rahane,"{'extras': 0, 'total': 1, 'batsman': 1}",0,0.0,0.0,0.0,0,0,0,0,0,1,0,1,Chennai Super Kings,Kolkata,2023-04-23,male,T20,0,Chennai Super Kings,runs,49,0,0,0,0,AM Rahane,20,Chennai Super Kings,Kolkata Knight Riders,Kolkata Knight Riders,field,"Eden Gardens, Kolkata"
14.4,AM Rahane,D Wiese,0,S Dube,"{'extras': 0, 'total': 1, 'batsman': 1}",0,0.0,0.0,0.0,0,0,0,0,0,1,0,1,Chennai Super Kings,Kolkata,2023-04-23,male,T20,0,Chennai Super Kings,runs,49,0,0,0,0,AM Rahane,20,Chennai Super Kings,Kolkata Knight Riders,Kolkata Knight Riders,field,"Eden Gardens, Kolkata"
14.5,S Dube,D Wiese,0,AM Rahane,"{'extras': 0, 'total': 2, 'batsman': 2}",0,0.0,0.0,0.0,0,0,0,0,0,2,0,2,Chennai Super Kings,Kolkata,2023-04-23,male,T20,0,Chennai Super Kings,runs,49,0,0,0,0,AM Rahane,20,Chennai Super Kings,Kolkata Knight Riders,Kolkata Knight Riders,field,"Eden Gardens, Kolkata"
14.6,S Dube,D Wiese,0,AM Rahane,"{'extras': 0, 'total': 1, 'batsman': 1}",0,0.0,0.0,0.0,0,0,0,0,0,1,0,1,Chennai Super Kings,Kolkata,2023-04-23,male,T20,0,Chennai Super Kings,runs,49,0,0,0,0,AM Rahane,20,Chennai Super Kings,Kolkata Knight Riders,Kolkata Knight Riders,field,"Eden Gardens, Kolkata"
15.1,S Dube,Suyash Sharma,0,AM Rahane,"{'extras': 0, 'total': 0, 'batsman': 0}",0,0.0,0.0,0.0,0,0,0,0,0,0,0,0,Chennai Super Kings,Kolkata,2023-04-23,male,T20,0,Chennai Super Kings,runs,49,0,0,0,0,AM Rahane,20,Chennai Super Kings,Kolkata Knight Riders,Kolkata Knight Riders,field,"Eden Gardens, Kolkata"
15.2,S Dube,Suyash Sharma,0,AM Rahane,"{'extras': 0, 'total': 6, 'batsman': 6}",0,0.0,0.0,0.0,0,0,0,0,0,6,0,6,Chennai Super Kings,Kolkata,2023-04-23,male,T20,0,Chennai Super Kings,runs,49,0,0,0,0,AM Rahane,20,Chennai Super Kings,Kolkata Knight Riders,Kolkata Knight Riders,field,"Eden Gardens, Kolkata"
15.3,S Dube,Suyash Sharma,0,AM Rahane,"{'extras': 0, 'total': 0, 'batsman': 0}",0,0.0,0.0,0.0,0,0,0,0,0,0,0,0,Chennai Super Kings,Kolkata,2023-04-23,male,T20,0,Chennai Super Kings,runs,49,0,0,0,0,AM Rahane,20,Chennai Super Kings,Kolkata Knight Riders,Kolkata Knight Riders,field,"Eden Gardens, Kolkata"
15.4,S Dube,Suyash Sharma,0,AM Rahane,"{'extras': 0, 'total': 1, 'batsman': 1}",0,0.0,0.0,0.0,0,0,0,0,0,1,0,1,Chennai Super Kings,Kolkata,2023-04-23,male,T20,0,Chennai Super Kings,runs,49,0,0,0,0,AM Rahane,20,Chennai Super Kings,Kolkata Knight Riders,Kolkata Knight Riders,field,"Eden Gardens, Kolkata"
15.5,AM Rahane,Suyash Sharma,0,S Dube,"{'extras': 0, 'total': 1, 'batsman': 1}",0,0.0,0.0,0.0,0,0,0,0,0,1,0,1,Chennai Super Kings,Kolkata,2023-04-23,male,T20,0,Chennai Super Kings,runs,49,0,0,0,0,AM Rahane,20,Chennai Super Kings,Kolkata Knight Riders,Kolkata Knight Riders,field,"Eden Gardens, Kolkata"
15.6,S Dube,Suyash Sharma,0,AM Rahane,"{'extras': 0, 'total': 1, 'batsman': 1}",0,0.0,0.0,0.0,0,0,0,0,0,1,0,1,Chennai Super Kings,Kolkata,2023-04-23,male,T20,0,Chennai Super Kings,runs,49,0,0,0,0,AM Rahane,20,Chennai Super Kings,Kolkata Knight Riders,Kolkata Knight Riders,field,"Eden Gardens, Kolkata"
16.1,S Dube,AD Russell,0,AM Rahane,"{'extras': 0, 'total': 1, 'batsman': 1}",0,0.0,0.0,0.0,0,0,0,0,0,1,0,1,Chennai Super Kings,Kolkata,2023-04-23,male,T20,0,Chennai Super Kings,runs,49,0,0,0,0,AM Rahane,20,Chennai Super Kings,Kolkata Knight Riders,Kolkata Knight Riders,field,"Eden Gardens, Kolkata"
16.2,AM Rahane,AD Russell,0,S Dube,"{'extras': 0, 'total': 6, 'batsman': 6}",0,0.0,0.0,0.0,0,0,0,0,0,6,0,6,Chennai Super Kings,Kolkata,2023-04-23,male,T20,0,Chennai Super Kings,runs,49,0,0,0,0,AM Rahane,20,Chennai Super Kings,Kolkata Knight Riders,Kolkata Knight Riders,field,"Eden Gardens, Kolkata"
16.3,AM Rahane,AD Russell,{'wides': 1},S Dube,"{'extras': 1, 'total': 1, 'batsman': 0}",0,1.0,0.0,0.0,0,0,0,0,0,0,1,1,Chennai Super Kings,Kolkata,2023-04-23,male,T20,0,Chennai Super Kings,runs,49,0,0,0,0,AM Rahane,20,Chennai Super Kings,Kolkata Knight Riders,Kolkata Knight Riders,field,"Eden Gardens, Kolkata"
16.4,AM Rahane,AD Russell,0,S Dube,"{'extras': 0, 'total': 1, 'batsman': 1}",0,0.0,0.0,0.0,0,0,0,0,0,1,0,1,Chennai Super Kings,Kolkata,2023-04-23,male,T20,0,Chennai Super Kings,runs,49,0,0,0,0,AM Rahane,20,Chennai Super Kings,Kolkata Knight Riders,Kolkata Knight Riders,field,"Eden Gardens, Kolkata"
16.5,S Dube,AD Russell,0,AM Rahane,"{'extras': 0, 'total': 1, 'batsman': 1}",0,0.0,0.0,0.0,0,0,0,0,0,1,0,1,Chennai Super Kings,Kolkata,2023-04-23,male,T20,0,Chennai Super Kings,runs,49,0,0,0,0,AM Rahane,20,Chennai Super Kings,Kolkata Knight Riders,Kolkata Knight Riders,field,"Eden Gardens, Kolkata"
16.6,AM Rahane,AD Russell,{'wides': 1},S Dube,"{'extras': 1, 'total': 1, 'batsman': 0}",0,1.0,0.0,0.0,0,0,0,0,0,0,1,1,Chennai Super Kings,Kolkata,2023-04-23,male,T20,0,Chennai Super Kings,runs,49,0,0,0,0,AM Rahane,20,Chennai Super Kings,Kolkata Knight Riders,Kolkata Knight Riders,field,"Eden Gardens, Kolkata"
16.7,AM Rahane,AD Russell,0,S Dube,"{'extras': 0, 'total': 2, 'batsman': 2}",0,0.0,0.0,0.0,0,0,0,0,0,2,0,2,Chennai Super Kings,Kolkata,2023-04-23,male,T20,0,Chennai Super Kings,runs,49,0,0,0,0,AM Rahane,20,Chennai Super Kings,Kolkata Knight Riders,Kolkata Knight Riders,field,"Eden Gardens, Kolkata"
16.8,AM Rahane,AD Russell,0,S Dube,"{'extras': 0, 'total': 4, 'batsman': 4}",0,0.0,0.0,0.0,0,0,0,0,0,4,0,4,Chennai Super Kings,Kolkata,2023-04-23,male,T20,0,Chennai Super Kings,runs,49,0,0,0,0,AM Rahane,20,Chennai Super Kings,Kolkata Knight Riders,Kolkata Knight Riders,field,"Eden Gardens, Kolkata"
17.1,S Dube,K Khejroliya,0,AM Rahane,"{'extras': 0, 'total': 2, 'batsman': 2}",0,0.0,0.0,0.0,0,0,0,0,0,2,0,2,Chennai Super Kings,Kolkata,2023-04-23,male,T20,0,Chennai Super Kings,runs,49,0,0,0,0,AM Rahane,20,Chennai Super Kings,Kolkata Knight Riders,Kolkata Knight Riders,field,"Eden Gardens, Kolkata"
17.2,S Dube,K Khejroliya,0,AM Rahane,"{'extras': 0, 'total': 6, 'batsman': 6}",0,0.0,0.0,0.0,0,0,0,0,0,6,0,6,Chennai Super Kings,Kolkata,2023-04-23,male,T20,0,Chennai Super Kings,runs,49,0,0,0,0,AM Rahane,20,Chennai Super Kings,Kolkata Knight Riders,Kolkata Knight Riders,field,"Eden Gardens, Kolkata"
17.3,S Dube,K Khejroliya,0,AM Rahane,"{'extras': 0, 'total': 0, 'batsman': 0}","{'player_out': 'S Dube', 'fielders': ['JJ Roy'], 'kind': 'caught'}",0.0,0.0,0.0,0,0,caught,S Dube,['JJ Roy'],0,0,0,Chennai Super Kings,Kolkata,2023-04-23,male,T20,0,Chennai Super Kings,runs,49,0,0,0,0,AM Rahane,20,Chennai Super Kings,Kolkata Knight Riders,Kolkata Knight Riders,field,"Eden Gardens, Kolkata"
17.4,RA Jadeja,K Khejroliya,0,AM Rahane,"{'extras': 0, 'total': 0, 'batsman': 0}",0,0.0,0.0,0.0,0,0,0,0,0,0,0,0,Chennai Super Kings,Kolkata,2023-04-23,male,T20,0,Chennai Super Kings,runs,49,0,0,0,0,AM Rahane,20,Chennai Super Kings,Kolkata Knight Riders,Kolkata Knight Riders,field,"Eden Gardens, Kolkata"
17.5,RA Jadeja,K Khejroliya,0,AM Rahane,"{'extras': 0, 'total': 1, 'batsman': 1}",0,0.0,0.0,0.0,0,0,0,0,0,1,0,1,Chennai Super Kings,Kolkata,2023-04-23,male,T20,0,Chennai Super Kings,runs,49,0,0,0,0,AM Rahane,20,Chennai Super Kings,Kolkata Knight Riders,Kolkata Knight Riders,field,"Eden Gardens, Kolkata"
17.6,AM Rahane,K Khejroliya,0,RA Jadeja,"{'extras': 0, 'total': 4, 'batsman': 4}",0,0.0,0.0,0.0,0,0,0,0,0,4,0,4,Chennai Super Kings,Kolkata,2023-04-23,male,T20,0,Chennai Super Kings,runs,49,0,0,0,0,AM Rahane,20,Chennai Super Kings,Kolkata Knight Riders,Kolkata Knight Riders,field,"Eden Gardens, Kolkata"
18.1,RA Jadeja,CV Varun,0,AM Rahane,"{'extras': 0, 'total': 2, 'batsman': 2}",0,0.0,0.0,0.0,0,0,0,0,0,2,0,2,Chennai Super Kings,Kolkata,2023-04-23,male,T20,0,Chennai Super Kings,runs,49,0,0,0,0,AM Rahane,20,Chennai Super Kings,Kolkata Knight Riders,Kolkata Knight Riders,field,"Eden Gardens, Kolkata"
18.2,RA Jadeja,CV Varun,0,AM Rahane,"{'extras': 0, 'total': 1, 'batsman': 1}",0,0.0,0.0,0.0,0,0,0,0,0,1,0,1,Chennai Super Kings,Kolkata,2023-04-23,male,T20,0,Chennai Super Kings,runs,49,0,0,0,0,AM Rahane,20,Chennai Super Kings,Kolkata Knight Riders,Kolkata Knight Riders,field,"Eden Gardens, Kolkata"
18.3,AM Rahane,CV Varun,0,RA Jadeja,"{'extras': 0, 'total': 0, 'batsman': 0}",0,0.0,0.0,0.0,0,0,0,0,0,0,0,0,Chennai Super Kings,Kolkata,2023-04-23,male,T20,0,Chennai Super Kings,runs,49,0,0,0,0,AM Rahane,20,Chennai Super Kings,Kolkata Knight Riders,Kolkata Knight Riders,field,"Eden Gardens, Kolkata"
18.4,AM Rahane,CV Varun,0,RA Jadeja,"{'extras': 0, 'total': 6, 'batsman': 6}",0,0.0,0.0,0.0,0,0,0,0,0,6,0,6,Chennai Super Kings,Kolkata,2023-04-23,male,T20,0,Chennai Super Kings,runs,49,0,0,0,0,AM Rahane,20,Chennai Super Kings,Kolkata Knight Riders,Kolkata Knight Riders,field,"Eden Gardens, Kolkata"
18.5,AM Rahane,CV Varun,0,RA Jadeja,"{'extras': 0, 'total': 6, 'batsman': 6}",0,0.0,0.0,0.0,0,0,0,0,0,6,0,6,Chennai Super Kings,Kolkata,2023-04-23,male,T20,0,Chennai Super Kings,runs,49,0,0,0,0,AM Rahane,20,Chennai Super Kings,Kolkata Knight Riders,Kolkata Knight Riders,field,"Eden Gardens, Kolkata"
18.6,AM Rahane,CV Varun,0,RA Jadeja,"{'extras': 0, 'total': 4, 'batsman': 4}",0,0.0,0.0,0.0,0,0,0,0,0,4,0,4,Chennai Super Kings,Kolkata,2023-04-23,male,T20,0,Chennai Super Kings,runs,49,0,0,0,0,AM Rahane,20,Chennai Super Kings,Kolkata Knight Riders,Kolkata Knight Riders,field,"Eden Gardens, Kolkata"
19.1,RA Jadeja,K Khejroliya,0,AM Rahane,"{'extras': 0, 'total': 6, 'batsman': 6}",0,0.0,0.0,0.0,0,0,0,0,0,6,0,6,Chennai Super Kings,Kolkata,2023-04-23,male,T20,0,Chennai Super Kings,runs,49,0,0,0,0,AM Rahane,20,Chennai Super Kings,Kolkata Knight Riders,Kolkata Knight Riders,field,"Eden Gardens, Kolkata"
19.2,RA Jadeja,K Khejroliya,0,AM Rahane,"{'extras': 0, 'total': 2, 'batsman': 2}",0,0.0,0.0,0.0,0,0,0,0,0,2,0,2,Chennai Super Kings,Kolkata,2023-04-23,male,T20,0,Chennai Super Kings,runs,49,0,0,0,0,AM Rahane,20,Chennai Super Kings,Kolkata Knight Riders,Kolkata Knight Riders,field,"Eden Gardens, Kolkata"
19.3,RA Jadeja,K Khejroliya,0,AM Rahane,"{'extras': 0, 'total': 6, 'batsman': 6}",0,0.0,0.0,0.0,0,0,0,0,0,6,0,6,Chennai Super Kings,Kolkata,2023-04-23,male,T20,0,Chennai Super Kings,runs,49,0,0,0,0,AM Rahane,20,Chennai Super Kings,Kolkata Knight Riders,Kolkata Knight Riders,field,"Eden Gardens, Kolkata"
19.4,RA Jadeja,K Khejroliya,0,AM Rahane,"{'extras': 0, 'total': 0, 'batsman': 0}","{'player_out': 'RA Jadeja', 'fielders': ['RK Singh'], 'kind': 'caught'}",0.0,0.0,0.0,0,0,caught,RA Jadeja,['RK Singh'],0,0,0,Chennai Super Kings,Kolkata,2023-04-23,male,T20,0,Chennai Super Kings,runs,49,0,0,0,0,AM Rahane,20,Chennai Super Kings,Kolkata Knight Riders,Kolkata Knight Riders,field,"Eden Gardens, Kolkata"
19.5,MS Dhoni,K Khejroliya,{'noballs': 1},AM Rahane,"{'extras': 1, 'total': 1, 'batsman': 0}",0,0.0,1.0,0.0,0,0,0,0,0,0,1,1,Chennai Super Kings,Kolkata,2023-04-23,male,T20,0,Chennai Super Kings,runs,49,0,0,0,0,AM Rahane,20,Chennai Super Kings,Kolkata Knight Riders,Kolkata Knight Riders,field,"Eden Gardens, Kolkata"
19.6,MS Dhoni,K Khejroliya,0,AM Rahane,"{'extras': 0, 'total': 0, 'batsman': 0}",0,0.0,0.0,0.0,0,0,0,0,0,0,0,0,Chennai Super Kings,Kolkata,2023-04-23,male,T20,0,Chennai Super Kings,runs,49,0,0,0,0,AM Rahane,20,Chennai Super Kings,Kolkata Knight Riders,Kolkata Knight Riders,field,"Eden Gardens, Kolkata"
19.7,MS Dhoni,K Khejroliya,0,AM Rahane,"{'extras': 0, 'total': 2, 'batsman': 2}",0,0.0,0.0,0.0,0,0,0,0,0,2,0,2,Chennai Super Kings,Kolkata,2023-04-23,male,T20,0,Chennai Super Kings,runs,49,0,0,0,0,AM Rahane,20,Chennai Super Kings,Kolkata Knight Riders,Kolkata Knight Riders,field,"Eden Gardens, Kolkata"
0.1,N Jagadeesan,Akash Singh,0,SP Narine,"{'extras': 0, 'total': 1, 'batsman': 1}",0,0.0,0.0,0.0,0,0,0,0,0,1,0,1,Kolkata Knight Riders,Kolkata,2023-04-23,male,T20,0,Chennai Super Kings,runs,49,0,0,0,0,AM Rahane,20,Chennai Super Kings,Kolkata Knight Riders,Kolkata Knight Riders,field,"Eden Gardens, Kolkata"
0.2,SP Narine,Akash Singh,0,N Jagadeesan,"{'extras': 0, 'total': 0, 'batsman': 0}",0,0.0,0.0,0.0,0,0,0,0,0,0,0,0,Kolkata Knight Riders,Kolkata,2023-04-23,male,T20,0,Chennai Super Kings,runs,49,0,0,0,0,AM Rahane,20,Chennai Super Kings,Kolkata Knight Riders,Kolkata Knight Riders,field,"Eden Gardens, Kolkata"
0.3,SP Narine,Akash Singh,0,N Jagadeesan,"{'extras': 0, 'total': 0, 'batsman': 0}",0,0.0,0.0,0.0,0,0,0,0,0,0,0,0,Kolkata Knight Riders,Kolkata,2023-04-23,male,T20,0,Chennai Super Kings,runs,49,0,0,0,0,AM Rahane,20,Chennai Super Kings,Kolkata Knight Riders,Kolkata Knight Riders,field,"Eden Gardens, Kolkata"
0.4,SP Narine,Akash Singh,0,N Jagadeesan,"{'extras': 0, 'total': 0, 'batsman': 0}","{'player_out': 'SP Narine', 'kind': 'bowled'}",0.0,0.0,0.0,0,0,bowled,SP Narine,0,0,0,0,Kolkata Knight Riders,Kolkata,2023-04-23,male,T20,0,Chennai Super Kings,runs,49,0,0,0,0,AM Rahane,20,Chennai Super Kings,Kolkata Knight Riders,Kolkata Knight Riders,field,"Eden Gardens, Kolkata"
0.5,VR Iyer,Akash Singh,0,N Jagadeesan,"{'extras': 0, 'total': 0, 'batsman': 0}",0,0.0,0.0,0.0,0,0,0,0,0,0,0,0,Kolkata Knight Riders,Kolkata,2023-04-23,male,T20,0,Chennai Super Kings,runs,49,0,0,0,0,AM Rahane,20,Chennai Super Kings,Kolkata Knight Riders,Kolkata Knight Riders,field,"Eden Gardens, Kolkata"
0.6,VR Iyer,Akash Singh,0,N Jagadeesan,"{'extras': 0, 'total': 0, 'batsman': 0}",0,0.0,0.0,0.0,0,0,0,0,0,0,0,0,Kolkata Knight Riders,Kolkata,2023-04-23,male,T20,0,Chennai Super Kings,runs,49,0,0,0,0,AM Rahane,20,Chennai Super Kings,Kolkata Knight Riders,Kolkata Knight Riders,field,"Eden Gardens, Kolkata"
1.1,N Jagadeesan,TU Deshpande,0,VR Iyer,"{'extras': 0, 'total': 0, 'batsman': 0}",0,0.0,0.0,0.0,0,0,0,0,0,0,0,0,Kolkata Knight Riders,Kolkata,2023-04-23,male,T20,0,Chennai Super Kings,runs,49,0,0,0,0,AM Rahane,20,Chennai Super Kings,Kolkata Knight Riders,Kolkata Knight Riders,field,"Eden Gardens, Kolkata"
1.2,N Jagadeesan,TU Deshpande,0,VR Iyer,"{'extras': 0, 'total': 0, 'batsman': 0}","{'player_out': 'N Jagadeesan', 'fielders': ['RA Jadeja'], 'kind': 'caught'}",0.0,0.0,0.0,0,0,caught,N Jagadeesan,['RA Jadeja'],0,0,0,Kolkata Knight Riders,Kolkata,2023-04-23,male,T20,0,Chennai Super Kings,runs,49,0,0,0,0,AM Rahane,20,Chennai Super Kings,Kolkata Knight Riders,Kolkata Knight Riders,field,"Eden Gardens, Kolkata"
1.3,N Rana,TU Deshpande,{'legbyes': 1},VR Iyer,"{'extras': 1, 'total': 1, 'batsman': 0}",0,0.0,0.0,1.0,0,0,0,0,0,0,1,1,Kolkata Knight Riders,Kolkata,2023-04-23,male,T20,0,Chennai Super Kings,runs,49,0,0,0,0,AM Rahane,20,Chennai Super Kings,Kolkata Knight Riders,Kolkata Knight Riders,field,"Eden Gardens, Kolkata"
1.4,VR Iyer,TU Deshpande,0,N Rana,"{'extras': 0, 'total': 1, 'batsman': 1}",0,0.0,0.0,0.0,0,0,0,0,0,1,0,1,Kolkata Knight Riders,Kolkata,2023-04-23,male,T20,0,Chennai Super Kings,runs,49,0,0,0,0,AM Rahane,20,Chennai Super Kings,Kolkata Knight Riders,Kolkata Knight Riders,field,"Eden Gardens, Kolkata"
1.5,N Rana,TU Deshpande,0,VR Iyer,"{'extras': 0, 'total': 0, 'batsman': 0}",0,0.0,0.0,0.0,0,0,0,0,0,0,0,0,Kolkata Knight Riders,Kolkata,2023-04-23,male,T20,0,Chennai Super Kings,runs,49,0,0,0,0,AM Rahane,20,Chennai Super Kings,Kolkata Knight Riders,Kolkata Knight Riders,field,"Eden Gardens, Kolkata"
1.6,N Rana,TU Deshpande,0,VR Iyer,"{'extras': 0, 'total': 6, 'batsman': 6}",0,0.0,0.0,0.0,0,0,0,0,0,6,0,6,Kolkata Knight Riders,Kolkata,2023-04-23,male,T20,0,Chennai Super Kings,runs,49,0,0,0,0,AM Rahane,20,Chennai Super Kings,Kolkata Knight Riders,Kolkata Knight Riders,field,"Eden Gardens, Kolkata"
2.1,VR Iyer,Akash Singh,0,N Rana,"{'extras': 0, 'total': 0, 'batsman': 0}",0,0.0,0.0,0.0,0,0,0,0,0,0,0,0,Kolkata Knight Riders,Kolkata,2023-04-23,male,T20,0,Chennai Super Kings,runs,49,0,0,0,0,AM Rahane,20,Chennai Super Kings,Kolkata Knight Riders,Kolkata Knight Riders,field,"Eden Gardens, Kolkata"
2.2,VR Iyer,Akash Singh,0,N Rana,"{'extras': 0, 'total': 0, 'batsman': 0}",0,0.0,0.0,0.0,0,0,0,0,0,0,0,0,Kolkata Knight Riders,Kolkata,2023-04-23,male,T20,0,Chennai Super Kings,runs,49,0,0,0,0,AM Rahane,20,Chennai Super Kings,Kolkata Knight Riders,Kolkata Knight Riders,field,"Eden Gardens, Kolkata"
2.3,VR Iyer,Akash Singh,0,N Rana,"{'extras': 0, 'total': 0, 'batsman': 0}",0,0.0,0.0,0.0,0,0,0,0,0,0,0,0,Kolkata Knight Riders,Kolkata,2023-04-23,male,T20,0,Chennai Super Kings,runs,49,0,0,0,0,AM Rahane,20,Chennai Super Kings,Kolkata Knight Riders,Kolkata Knight Riders,field,"Eden Gardens, Kolkata"
2.4,VR Iyer,Akash Singh,0,N Rana,"{'extras': 0, 'total': 6, 'batsman': 6}",0,0.0,0.0,0.0,0,0,0,0,0,6,0,6,Kolkata Knight Riders,Kolkata,2023-04-23,male,T20,0,Chennai Super Kings,runs,49,0,0,0,0,AM Rahane,20,Chennai Super Kings,Kolkata Knight Riders,Kolkata Knight Riders,field,"Eden Gardens, Kolkata"
2.5,VR Iyer,Akash Singh,0,N Rana,"{'extras': 0, 'total': 4, 'batsman': 4}",0,0.0,0.0,0.0,0,0,0,0,0,4,0,4,Kolkata Knight Riders,Kolkata,2023-04-23,male,T20,0,Chennai Super Kings,runs,49,0,0,0,0,AM Rahane,20,Chennai Super Kings,Kolkata Knight Riders,Kolkata Knight Riders,field,"Eden Gardens, Kolkata"
2.6,VR Iyer,Akash Singh,{'wides': 1},N Rana,"{'extras': 1, 'total': 1, 'batsman': 0}",0,1.0,0.0,0.0,0,0,0,0,0,0,1,1,Kolkata Knight Riders,Kolkata,2023-04-23,male,T20,0,Chennai Super Kings,runs,49,0,0,0,0,AM Rahane,20,Chennai Super Kings,Kolkata Knight Riders,Kolkata Knight Riders,field,"Eden Gardens, Kolkata"
2.7,VR Iyer,Akash Singh,0,N Rana,"{'extras': 0, 'total': 0, 'batsman': 0}",0,0.0,0.0,0.0,0,0,0,0,0,0,0,0,Kolkata Knight Riders,Kolkata,2023-04-23,male,T20,0,Chennai Super Kings,runs,49,0,0,0,0,AM Rahane,20,Chennai Super Kings,Kolkata Knight Riders,Kolkata Knight Riders,field,"Eden Gardens, Kolkata"
3.1,N Rana,TU Deshpande,0,VR Iyer,"{'extras': 0, 'total': 0, 'batsman': 0}",0,0.0,0.0,0.0,0,0,0,0,0,0,0,0,Kolkata Knight Riders,Kolkata,2023-04-23,male,T20,0,Chennai Super Kings,runs,49,0,0,0,0,AM Rahane,20,Chennai Super Kings,Kolkata Knight Riders,Kolkata Knight Riders,field,"Eden Gardens, Kolkata"
3.2,N Rana,TU Deshpande,0,VR Iyer,"{'extras': 0, 'total': 4, 'batsman': 4}",0,0.0,0.0,0.0,0,0,0,0,0,4,0,4,Kolkata Knight Riders,Kolkata,2023-04-23,male,T20,0,Chennai Super Kings,runs,49,0,0,0,0,AM Rahane,20,Chennai Super Kings,Kolkata Knight Riders,Kolkata Knight Riders,field,"Eden Gardens, Kolkata"
3.3,N Rana,TU Deshpande,0,VR Iyer,"{'extras': 0, 'total': 0, 'batsman': 0}",0,0.0,0.0,0.0,0,0,0,0,0,0,0,0,Kolkata Knight Riders,Kolkata,2023-04-23,male,T20,0,Chennai Super Kings,runs,49,0,0,0,0,AM Rahane,20,Chennai Super Kings,Kolkata Knight Riders,Kolkata Knight Riders,field,"Eden Gardens, Kolkata"
3.4,N Rana,TU Deshpande,0,VR Iyer,"{'extras': 0, 'total': 0, 'batsman': 0}",0,0.0,0.0,0.0,0,0,0,0,0,0,0,0,Kolkata Knight Riders,Kolkata,2023-04-23,male,T20,0,Chennai Super Kings,runs,49,0,0,0,0,AM Rahane,20,Chennai Super Kings,Kolkata Knight Riders,Kolkata Knight Riders,field,"Eden Gardens, Kolkata"
3.5,N Rana,TU Deshpande,0,VR Iyer,"{'extras': 0, 'total': 0, 'batsman': 0}",0,0.0,0.0,0.0,0,0,0,0,0,0,0,0,Kolkata Knight Riders,Kolkata,2023-04-23,male,T20,0,Chennai Super Kings,runs,49,0,0,0,0,AM Rahane,20,Chennai Super Kings,Kolkata Knight Riders,Kolkata Knight Riders,field,"Eden Gardens, Kolkata"
3.6,N Rana,TU Deshpande,0,VR Iyer,"{'extras': 0, 'total': 0, 'batsman': 0}",0,0.0,0.0,0.0,0,0,0,0,0,0,0,0,Kolkata Knight Riders,Kolkata,2023-04-23,male,T20,0,Chennai Super Kings,runs,49,0,0,0,0,AM Rahane,20,Chennai Super Kings,Kolkata Knight Riders,Kolkata Knight Riders,field,"Eden Gardens, Kolkata"
4.1,VR Iyer,Akash Singh,0,N Rana,"{'extras': 0, 'total': 0, 'batsman': 0}",0,0.0,0.0,0.0,0,0,0,0,0,0,0,0,Kolkata Knight Riders,Kolkata,2023-04-23,male,T20,0,Chennai Super Kings,runs,49,0,0,0,0,AM Rahane,20,Chennai Super Kings,Kolkata Knight Riders,Kolkata Knight Riders,field,"Eden Gardens, Kolkata"
4.2,VR Iyer,Akash Singh,0,N Rana,"{'extras': 0, 'total': 0, 'batsman': 0}",0,0.0,0.0,0.0,0,0,0,0,0,0,0,0,Kolkata Knight Riders,Kolkata,2023-04-23,male,T20,0,Chennai Super Kings,runs,49,0,0,0,0,AM Rahane,20,Chennai Super Kings,Kolkata Knight Riders,Kolkata Knight Riders,field,"Eden Gardens, Kolkata"
4.3,VR Iyer,Akash Singh,0,N Rana,"{'extras': 0, 'total': 4, 'batsman': 4}",0,0.0,0.0,0.0,0,0,0,0,0,4,0,4,Kolkata Knight Riders,Kolkata,2023-04-23,male,T20,0,Chennai Super Kings,runs,49,0,0,0,0,AM Rahane,20,Chennai Super Kings,Kolkata Knight Riders,Kolkata Knight Riders,field,"Eden Gardens, Kolkata"
4.4,VR Iyer,Akash Singh,0,N Rana,"{'extras': 0, 'total': 0, 'batsman': 0}",0,0.0,0.0,0.0,0,0,0,0,0,0,0,0,Kolkata Knight Riders,Kolkata,2023-04-23,male,T20,0,Chennai Super Kings,runs,49,0,0,0,0,AM Rahane,20,Chennai Super Kings,Kolkata Knight Riders,Kolkata Knight Riders,field,"Eden Gardens, Kolkata"
4.5,VR Iyer,Akash Singh,0,N Rana,"{'extras': 0, 'total': 1, 'batsman': 1}",0,0.0,0.0,0.0,0,0,0,0,0,1,0,1,Kolkata Knight Riders,Kolkata,2023-04-23,male,T20,0,Chennai Super Kings,runs,49,0,0,0,0,AM Rahane,20,Chennai Super Kings,Kolkata Knight Riders,Kolkata Knight Riders,field,"Eden Gardens, Kolkata"
4.6,N Rana,Akash Singh,0,VR Iyer,"{'extras': 0, 'total': 4, 'batsman': 4}",0,0.0,0.0,0.0,0,0,0,0,0,4,0,4,Kolkata Knight Riders,Kolkata,2023-04-23,male,T20,0,Chennai Super Kings,runs,49,0,0,0,0,AM Rahane,20,Chennai Super Kings,Kolkata Knight Riders,Kolkata Knight Riders,field,"Eden Gardens, Kolkata"
5.1,VR Iyer,M Theekshana,0,N Rana,"{'extras': 0, 'total': 1, 'batsman': 1}",0,0.0,0.0,0.0,0,0,0,0,0,1,0,1,Kolkata Knight Riders,Kolkata,2023-04-23,male,T20,0,Chennai Super Kings,runs,49,0,0,0,0,AM Rahane,20,Chennai Super Kings,Kolkata Knight Riders,Kolkata Knight Riders,field,"Eden Gardens, Kolkata"
5.2,N Rana,M Theekshana,{'wides': 1},VR Iyer,"{'extras': 1, 'total': 1, 'batsman': 0}",0,1.0,0.0,0.0,0,0,0,0,0,0,1,1,Kolkata Knight Riders,Kolkata,2023-04-23,male,T20,0,Chennai Super Kings,runs,49,0,0,0,0,AM Rahane,20,Chennai Super Kings,Kolkata Knight Riders,Kolkata Knight Riders,field,"Eden Gardens, Kolkata"
5.3,N Rana,M Theekshana,0,VR Iyer,"{'extras': 0, 'total': 1, 'batsman': 1}",0,0.0,0.0,0.0,0,0,0,0,0,1,0,1,Kolkata Knight Riders,Kolkata,2023-04-23,male,T20,0,Chennai Super Kings,runs,49,0,0,0,0,AM Rahane,20,Chennai Super Kings,Kolkata Knight Riders,Kolkata Knight Riders,field,"Eden Gardens, Kolkata"
5.4,VR Iyer,M Theekshana,0,N Rana,"{'extras': 0, 'total': 0, 'batsman': 0}",0,0.0,0.0,0.0,0,0,0,0,0,0,0,0,Kolkata Knight Riders,Kolkata,2023-04-23,male,T20,0,Chennai Super Kings,runs,49,0,0,0,0,AM Rahane,20,Chennai Super Kings,Kolkata Knight Riders,Kolkata Knight Riders,field,"Eden Gardens, Kolkata"
5.5,VR Iyer,M Theekshana,0,N Rana,"{'extras': 0, 'total': 1, 'batsman': 1}",0,0.0,0.0,0.0,0,0,0,0,0,1,0,1,Kolkata Knight Riders,Kolkata,2023-04-23,male,T20,0,Chennai Super Kings,runs,49,0,0,0,0,AM Rahane,20,Chennai Super Kings,Kolkata Knight Riders,Kolkata Knight Riders,field,"Eden Gardens, Kolkata"
5.6,N Rana,M Theekshana,0,VR Iyer,"{'extras': 0, 'total': 0, 'batsman': 0}",0,0.0,0.0,0.0,0,0,0,0,0,0,0,0,Kolkata Knight Riders,Kolkata,2023-04-23,male,T20,0,Chennai Super Kings,runs,49,0,0,0,0,AM Rahane,20,Chennai Super Kings,Kolkata Knight Riders,Kolkata Knight Riders,field,"Eden Gardens, Kolkata"
5.7,N Rana,M Theekshana,0,VR Iyer,"{'extras': 0, 'total': 1, 'batsman': 1}",0,0.0,0.0,0.0,0,0,0,0,0,1,0,1,Kolkata Knight Riders,Kolkata,2023-04-23,male,T20,0,Chennai Super Kings,runs,49,0,0,0,0,AM Rahane,20,Chennai Super Kings,Kolkata Knight Riders,Kolkata Knight Riders,field,"Eden Gardens, Kolkata"
6.1,N Rana,Akash Singh,0,VR Iyer,"{'extras': 0, 'total': 4, 'batsman': 4}",0,0.0,0.0,0.0,0,0,0,0,0,4,0,4,Kolkata Knight Riders,Kolkata,2023-04-23,male,T20,0,Chennai Super Kings,runs,49,0,0,0,0,AM Rahane,20,Chennai Super Kings,Kolkata Knight Riders,Kolkata Knight Riders,field,"Eden Gardens, Kolkata"
6.2,N Rana,Akash Singh,0,VR Iyer,"{'extras': 0, 'total': 0, 'batsman': 0}",0,0.0,0.0,0.0,0,0,0,0,0,0,0,0,Kolkata Knight Riders,Kolkata,2023-04-23,male,T20,0,Chennai Super Kings,runs,49,0,0,0,0,AM Rahane,20,Chennai Super Kings,Kolkata Knight Riders,Kolkata Knight Riders,field,"Eden Gardens, Kolkata"
6.3,N Rana,Akash Singh,0,VR Iyer,"{'extras': 0, 'total': 1, 'batsman': 1}",0,0.0,0.0,0.0,0,0,0,0,0,1,0,1,Kolkata Knight Riders,Kolkata,2023-04-23,male,T20,0,Chennai Super Kings,runs,49,0,0,0,0,AM Rahane,20,Chennai Super Kings,Kolkata Knight Riders,Kolkata Knight Riders,field,"Eden Gardens, Kolkata"
6.4,VR Iyer,Akash Singh,0,N Rana,"{'extras': 0, 'total': 1, 'batsman': 1}",0,0.0,0.0,0.0,0,0,0,0,0,1,0,1,Kolkata Knight Riders,Kolkata,2023-04-23,male,T20,0,Chennai Super Kings,runs,49,0,0,0,0,AM Rahane,20,Chennai Super Kings,Kolkata Knight Riders,Kolkata Knight Riders,field,"Eden Gardens, Kolkata"
6.5,N Rana,Akash Singh,0,VR Iyer,"{'extras': 0, 'total': 1, 'batsman': 1}",0,0.0,0.0,0.0,0,0,0,0,0,1,0,1,Kolkata Knight Riders,Kolkata,2023-04-23,male,T20,0,Chennai Super Kings,runs,49,0,0,0,0,AM Rahane,20,Chennai Super Kings,Kolkata Knight Riders,Kolkata Knight Riders,field,"Eden Gardens, Kolkata"
6.6,VR Iyer,Akash Singh,0,N Rana,"{'extras': 0, 'total': 1, 'batsman': 1}",0,0.0,0.0,0.0,0,0,0,0,0,1,0,1,Kolkata Knight Riders,Kolkata,2023-04-23,male,T20,0,Chennai Super Kings,runs,49,0,0,0,0,AM Rahane,20,Chennai Super Kings,Kolkata Knight Riders,Kolkata Knight Riders,field,"Eden Gardens, Kolkata"
7.1,VR Iyer,MM Ali,0,N Rana,"{'extras': 0, 'total': 0, 'batsman': 0}","{'player_out': 'VR Iyer', 'kind': 'lbw'}",0.0,0.0,0.0,0,0,lbw,VR Iyer,0,0,0,0,Kolkata Knight Riders,Kolkata,2023-04-23,male,T20,0,Chennai Super Kings,runs,49,0,0,0,0,AM Rahane,20,Chennai Super Kings,Kolkata Knight Riders,Kolkata Knight Riders,field,"Eden Gardens, Kolkata"
7.2,JJ Roy,MM Ali,0,N Rana,"{'extras': 0, 'total': 1, 'batsman': 1}",0,0.0,0.0,0.0,0,0,0,0,0,1,0,1,Kolkata Knight Riders,Kolkata,2023-04-23,male,T20,0,Chennai Super Kings,runs,49,0,0,0,0,AM Rahane,20,Chennai Super Kings,Kolkata Knight Riders,Kolkata Knight Riders,field,"Eden Gardens, Kolkata"
7.3,N Rana,MM Ali,0,JJ Roy,"{'extras': 0, 'total': 1, 'batsman': 1}",0,0.0,0.0,0.0,0,0,0,0,0,1,0,1,Kolkata Knight Riders,Kolkata,2023-04-23,male,T20,0,Chennai Super Kings,runs,49,0,0,0,0,AM Rahane,20,Chennai Super Kings,Kolkata Knight Riders,Kolkata Knight Riders,field,"Eden Gardens, Kolkata"
7.4,JJ Roy,MM Ali,0,N Rana,"{'extras': 0, 'total': 6, 'batsman': 6}",0,0.0,0.0,0.0,0,0,0,0,0,6,0,6,Kolkata Knight Riders,Kolkata,2023-04-23,male,T20,0,Chennai Super Kings,runs,49,0,0,0,0,AM Rahane,20,Chennai Super Kings,Kolkata Knight Riders,Kolkata Knight Riders,field,"Eden Gardens, Kolkata"
7.5,JJ Roy,MM Ali,0,N Rana,"{'extras': 0, 'total': 6, 'batsman': 6}",0,0.0,0.0,0.0,0,0,0,0,0,6,0,6,Kolkata Knight Riders,Kolkata,2023-04-23,male,T20,0,Chennai Super Kings,runs,49,0,0,0,0,AM Rahane,20,Chennai Super Kings,Kolkata Knight Riders,Kolkata Knight Riders,field,"Eden Gardens, Kolkata"
7.6,JJ Roy,MM Ali,0,N Rana,"{'extras': 0, 'total': 6, 'batsman': 6}",0,0.0,0.0,0.0,0,0,0,0,0,6,0,6,Kolkata Knight Riders,Kolkata,2023-04-23,male,T20,0,Chennai Super Kings,runs,49,0,0,0,0,AM Rahane,20,Chennai Super Kings,Kolkata Knight Riders,Kolkata Knight Riders,field,"Eden Gardens, Kolkata"
8.1,N Rana,RA Jadeja,0,JJ Roy,"{'extras': 0, 'total': 4, 'batsman': 4}",0,0.0,0.0,0.0,0,0,0,0,0,4,0,4,Kolkata Knight Riders,Kolkata,2023-04-23,male,T20,0,Chennai Super Kings,runs,49,0,0,0,0,AM Rahane,20,Chennai Super Kings,Kolkata Knight Riders,Kolkata Knight Riders,field,"Eden Gardens, Kolkata"
8.2,N Rana,RA Jadeja,0,JJ Roy,"{'extras': 0, 'total': 0, 'batsman': 0}","{'player_out': 'N Rana', 'fielders': ['RD Gaikwad'], 'kind': 'caught'}",0.0,0.0,0.0,0,0,caught,N Rana,['RD Gaikwad'],0,0,0,Kolkata Knight Riders,Kolkata,2023-04-23,male,T20,0,Chennai Super Kings,runs,49,0,0,0,0,AM Rahane,20,Chennai Super Kings,Kolkata Knight Riders,Kolkata Knight Riders,field,"Eden Gardens, Kolkata"
8.3,RK Singh,RA Jadeja,0,JJ Roy,"{'extras': 0, 'total': 0, 'batsman': 0}",0,0.0,0.0,0.0,0,0,0,0,0,0,0,0,Kolkata Knight Riders,Kolkata,2023-04-23,male,T20,0,Chennai Super Kings,runs,49,0,0,0,0,AM Rahane,20,Chennai Super Kings,Kolkata Knight Riders,Kolkata Knight Riders,field,"Eden Gardens, Kolkata"
8.4,RK Singh,RA Jadeja,0,JJ Roy,"{'extras': 0, 'total': 0, 'batsman': 0}",0,0.0,0.0,0.0,0,0,0,0,0,0,0,0,Kolkata Knight Riders,Kolkata,2023-04-23,male,T20,0,Chennai Super Kings,runs,49,0,0,0,0,AM Rahane,20,Chennai Super Kings,Kolkata Knight Riders,Kolkata Knight Riders,field,"Eden Gardens, Kolkata"
8.5,RK Singh,RA Jadeja,0,JJ Roy,"{'extras': 0, 'total': 1, 'batsman': 1}",0,0.0,0.0,0.0,0,0,0,0,0,1,0,1,Kolkata Knight Riders,Kolkata,2023-04-23,male,T20,0,Chennai Super Kings,runs,49,0,0,0,0,AM Rahane,20,Chennai Super Kings,Kolkata Knight Riders,Kolkata Knight Riders,field,"Eden Gardens, Kolkata"
8.6,JJ Roy,RA Jadeja,0,RK Singh,"{'extras': 0, 'total': 0, 'batsman': 0}",0,0.0,0.0,0.0,0,0,0,0,0,0,0,0,Kolkata Knight Riders,Kolkata,2023-04-23,male,T20,0,Chennai Super Kings,runs,49,0,0,0,0,AM Rahane,20,Chennai Super Kings,Kolkata Knight Riders,Kolkata Knight Riders,field,"Eden Gardens, Kolkata"
9.1,RK Singh,M Pathirana,0,JJ Roy,"{'extras': 0, 'total': 1, 'batsman': 1}",0,0.0,0.0,0.0,0,0,0,0,0,1,0,1,Kolkata Knight Riders,Kolkata,2023-04-23,male,T20,0,Chennai Super Kings,runs,49,0,0,0,0,AM Rahane,20,Chennai Super Kings,Kolkata Knight Riders,Kolkata Knight Riders,field,"Eden Gardens, Kolkata"
9.2,JJ Roy,M Pathirana,0,RK Singh,"{'extras': 0, 'total': 0, 'batsman': 0}",0,0.0,0.0,0.0,0,0,0,0,0,0,0,0,Kolkata Knight Riders,Kolkata,2023-04-23,male,T20,0,Chennai Super Kings,runs,49,0,0,0,0,AM Rahane,20,Chennai Super Kings,Kolkata Knight Riders,Kolkata Knight Riders,field,"Eden Gardens, Kolkata"
9.3,JJ Roy,M Pathirana,0,RK Singh,"{'extras': 0, 'total': 1, 'batsman': 1}",0,0.0,0.0,0.0,0,0,0,0,0,1,0,1,Kolkata Knight Riders,Kolkata,2023-04-23,male,T20,0,Chennai Super Kings,runs,49,0,0,0,0,AM Rahane,20,Chennai Super Kings,Kolkata Knight Riders,Kolkata Knight Riders,field,"Eden Gardens, Kolkata"
9.4,RK Singh,M Pathirana,{'wides': 1},JJ Roy,"{'extras': 1, 'total': 1, 'batsman': 0}",0,1.0,0.0,0.0,0,0,0,0,0,0,1,1,Kolkata Knight Riders,Kolkata,2023-04-23,male,T20,0,Chennai Super Kings,runs,49,0,0,0,0,AM Rahane,20,Chennai Super Kings,Kolkata Knight Riders,Kolkata Knight Riders,field,"Eden Gardens, Kolkata"
9.5,RK Singh,M Pathirana,0,JJ Roy,"{'extras': 0, 'total': 0, 'batsman': 0}",0,0.0,0.0,0.0,0,0,0,0,0,0,0,0,Kolkata Knight Riders,Kolkata,2023-04-23,male,T20,0,Chennai Super Kings,runs,49,0,0,0,0,AM Rahane,20,Chennai Super Kings,Kolkata Knight Riders,Kolkata Knight Riders,field,"Eden Gardens, Kolkata"
9.6,RK Singh,M Pathirana,0,JJ Roy,"{'extras': 0, 'total': 1, 'batsman': 1}",0,0.0,0.0,0.0,0,0,0,0,0,1,0,1,Kolkata Knight Riders,Kolkata,2023-04-23,male,T20,0,Chennai Super Kings,runs,49,0,0,0,0,AM Rahane,20,Chennai Super Kings,Kolkata Knight Riders,Kolkata Knight Riders,field,"Eden Gardens, Kolkata"
9.7,JJ Roy,M Pathirana,0,RK Singh,"{'extras': 0, 'total': 1, 'batsman': 1}",0,0.0,0.0,0.0,0,0,0,0,0,1,0,1,Kolkata Knight Riders,Kolkata,2023-04-23,male,T20,0,Chennai Super Kings,runs,49,0,0,0,0,AM Rahane,20,Chennai Super Kings,Kolkata Knight Riders,Kolkata Knight Riders,field,"Eden Gardens, Kolkata"
10.1,JJ Roy,RA Jadeja,0,RK Singh,"{'extras': 0, 'total': 6, 'batsman': 6}",0,0.0,0.0,0.0,0,0,0,0,0,6,0,6,Kolkata Knight Riders,Kolkata,2023-04-23,male,T20,0,Chennai Super Kings,runs,49,0,0,0,0,AM Rahane,20,Chennai Super Kings,Kolkata Knight Riders,Kolkata Knight Riders,field,"Eden Gardens, Kolkata"
10.2,JJ Roy,RA Jadeja,0,RK Singh,"{'extras': 0, 'total': 4, 'batsman': 4}",0,0.0,0.0,0.0,0,0,0,0,0,4,0,4,Kolkata Knight Riders,Kolkata,2023-04-23,male,T20,0,Chennai Super Kings,runs,49,0,0,0,0,AM Rahane,20,Chennai Super Kings,Kolkata Knight Riders,Kolkata Knight Riders,field,"Eden Gardens, Kolkata"
10.3,JJ Roy,RA Jadeja,0,RK Singh,"{'extras': 0, 'total': 1, 'batsman': 1}",0,0.0,0.0,0.0,0,0,0,0,0,1,0,1,Kolkata Knight Riders,Kolkata,2023-04-23,male,T20,0,Chennai Super Kings,runs,49,0,0,0,0,AM Rahane,20,Chennai Super Kings,Kolkata Knight Riders,Kolkata Knight Riders,field,"Eden Gardens, Kolkata"
10.4,RK Singh,RA Jadeja,0,JJ Roy,"{'extras': 0, 'total': 6, 'batsman': 6}",0,0.0,0.0,0.0,0,0,0,0,0,6,0,6,Kolkata Knight Riders,Kolkata,2023-04-23,male,T20,0,Chennai Super Kings,runs,49,0,0,0,0,AM Rahane,20,Chennai Super Kings,Kolkata Knight Riders,Kolkata Knight Riders,field,"Eden Gardens, Kolkata"
10.5,RK Singh,RA Jadeja,0,JJ Roy,"{'extras': 0, 'total': 1, 'batsman': 1}",0,0.0,0.0,0.0,0,0,0,0,0,1,0,1,Kolkata Knight Riders,Kolkata,2023-04-23,male,T20,0,Chennai Super Kings,runs,49,0,0,0,0,AM Rahane,20,Chennai Super Kings,Kolkata Knight Riders,Kolkata Knight Riders,field,"Eden Gardens, Kolkata"
10.6,JJ Roy,RA Jadeja,0,RK Singh,"{'extras': 0, 'total': 1, 'batsman': 1}",0,0.0,0.0,0.0,0,0,0,0,0,1,0,1,Kolkata Knight Riders,Kolkata,2023-04-23,male,T20,0,Chennai Super Kings,runs,49,0,0,0,0,AM Rahane,20,Chennai Super Kings,Kolkata Knight Riders,Kolkata Knight Riders,field,"Eden Gardens, Kolkata"
11.1,JJ Roy,M Theekshana,0,RK Singh,"{'extras': 0, 'total': 4, 'batsman': 4}",0,0.0,0.0,0.0,0,0,0,0,0,4,0,4,Kolkata Knight Riders,Kolkata,2023-04-23,male,T20,0,Chennai Super Kings,runs,49,0,0,0,0,AM Rahane,20,Chennai Super Kings,Kolkata Knight Riders,Kolkata Knight Riders,field,"Eden Gardens, Kolkata"
11.2,JJ Roy,M Theekshana,0,RK Singh,"{'extras': 0, 'total': 1, 'batsman': 1}",0,0.0,0.0,0.0,0,0,0,0,0,1,0,1,Kolkata Knight Riders,Kolkata,2023-04-23,male,T20,0,Chennai Super Kings,runs,49,0,0,0,0,AM Rahane,20,Chennai Super Kings,Kolkata Knight Riders,Kolkata Knight Riders,field,"Eden Gardens, Kolkata"
11.3,RK Singh,M Theekshana,0,JJ Roy,"{'extras': 0, 'total': 1, 'batsman': 1}",0,0.0,0.0,0.0,0,0,0,0,0,1,0,1,Kolkata Knight Riders,Kolkata,2023-04-23,male,T20,0,Chennai Super Kings,runs,49,0,0,0,0,AM Rahane,20,Chennai Super Kings,Kolkata Knight Riders,Kolkata Knight Riders,field,"Eden Gardens, Kolkata"
11.4,JJ Roy,M Theekshana,0,RK Singh,"{'extras': 0, 'total': 6, 'batsman': 6}",0,0.0,0.0,0.0,0,0,0,0,0,6,0,6,Kolkata Knight Riders,Kolkata,2023-04-23,male,T20,0,Chennai Super Kings,runs,49,0,0,0,0,AM Rahane,20,Chennai Super Kings,Kolkata Knight Riders,Kolkata Knight Riders,field,"Eden Gardens, Kolkata"
11.5,JJ Roy,M Theekshana,0,RK Singh,"{'extras': 0, 'total': 1, 'batsman': 1}",0,0.0,0.0,0.0,0,0,0,0,0,1,0,1,Kolkata Knight Riders,Kolkata,2023-04-23,male,T20,0,Chennai Super Kings,runs,49,0,0,0,0,AM Rahane,20,Chennai Super Kings,Kolkata Knight Riders,Kolkata Knight Riders,field,"Eden Gardens, Kolkata"
11.6,RK Singh,M Theekshana,0,JJ Roy,"{'extras': 0, 'total': 1, 'batsman': 1}",0,0.0,0.0,0.0,0,0,0,0,0,1,0,1,Kolkata Knight Riders,Kolkata,2023-04-23,male,T20,0,Chennai Super Kings,runs,49,0,0,0,0,AM Rahane,20,Chennai Super Kings,Kolkata Knight Riders,Kolkata Knight Riders,field,"Eden Gardens, Kolkata"
12.1,RK Singh,RA Jadeja,0,JJ Roy,"{'extras': 0, 'total': 1, 'batsman': 1}",0,0.0,0.0,0.0,0,0,0,0,0,1,0,1,Kolkata Knight Riders,Kolkata,2023-04-23,male,T20,0,Chennai Super Kings,runs,49,0,0,0,0,AM Rahane,20,Chennai Super Kings,Kolkata Knight Riders,Kolkata Knight Riders,field,"Eden Gardens, Kolkata"
12.2,JJ Roy,RA Jadeja,0,RK Singh,"{'extras': 0, 'total': 1, 'batsman': 1}",0,0.0,0.0,0.0,0,0,0,0,0,1,0,1,Kolkata Knight Riders,Kolkata,2023-04-23,male,T20,0,Chennai Super Kings,runs,49,0,0,0,0,AM Rahane,20,Chennai Super Kings,Kolkata Knight Riders,Kolkata Knight Riders,field,"Eden Gardens, Kolkata"
12.3,RK Singh,RA Jadeja,0,JJ Roy,"{'extras': 0, 'total': 0, 'batsman': 0}",0,0.0,0.0,0.0,0,0,0,0,0,0,0,0,Kolkata Knight Riders,Kolkata,2023-04-23,male,T20,0,Chennai Super Kings,runs,49,0,0,0,0,AM Rahane,20,Chennai Super Kings,Kolkata Knight Riders,Kolkata Knight Riders,field,"Eden Gardens, Kolkata"
12.4,RK Singh,RA Jadeja,0,JJ Roy,"{'extras': 0, 'total': 1, 'batsman': 1}",0,0.0,0.0,0.0,0,0,0,0,0,1,0,1,Kolkata Knight Riders,Kolkata,2023-04-23,male,T20,0,Chennai Super Kings,runs,49,0,0,0,0,AM Rahane,20,Chennai Super Kings,Kolkata Knight Riders,Kolkata Knight Riders,field,"Eden Gardens, Kolkata"
12.5,JJ Roy,RA Jadeja,0,RK Singh,"{'extras': 0, 'total': 1, 'batsman': 1}",0,0.0,0.0,0.0,0,0,0,0,0,1,0,1,Kolkata Knight Riders,Kolkata,2023-04-23,male,T20,0,Chennai Super Kings,runs,49,0,0,0,0,AM Rahane,20,Chennai Super Kings,Kolkata Knight Riders,Kolkata Knight Riders,field,"Eden Gardens, Kolkata"
12.6,RK Singh,RA Jadeja,0,JJ Roy,"{'extras': 0, 'total': 6, 'batsman': 6}",0,0.0,0.0,0.0,0,0,0,0,0,6,0,6,Kolkata Knight Riders,Kolkata,2023-04-23,male,T20,0,Chennai Super Kings,runs,49,0,0,0,0,AM Rahane,20,Chennai Super Kings,Kolkata Knight Riders,Kolkata Knight Riders,field,"Eden Gardens, Kolkata"
13.1,JJ Roy,M Pathirana,{'wides': 1},RK Singh,"{'extras': 1, 'total': 1, 'batsman': 0}",0,1.0,0.0,0.0,0,0,0,0,0,0,1,1,Kolkata Knight Riders,Kolkata,2023-04-23,male,T20,0,Chennai Super Kings,runs,49,0,0,0,0,AM Rahane,20,Chennai Super Kings,Kolkata Knight Riders,Kolkata Knight Riders,field,"Eden Gardens, Kolkata"
13.2,JJ Roy,M Pathirana,0,RK Singh,"{'extras': 0, 'total': 4, 'batsman': 4}",0,0.0,0.0,0.0,0,0,0,0,0,4,0,4,Kolkata Knight Riders,Kolkata,2023-04-23,male,T20,0,Chennai Super Kings,runs,49,0,0,0,0,AM Rahane,20,Chennai Super Kings,Kolkata Knight Riders,Kolkata Knight Riders,field,"Eden Gardens, Kolkata"
13.3,JJ Roy,M Pathirana,0,RK Singh,"{'extras': 0, 'total': 0, 'batsman': 0}",0,0.0,0.0,0.0,0,0,0,0,0,0,0,0,Kolkata Knight Riders,Kolkata,2023-04-23,male,T20,0,Chennai Super Kings,runs,49,0,0,0,0,AM Rahane,20,Chennai Super Kings,Kolkata Knight Riders,Kolkata Knight Riders,field,"Eden Gardens, Kolkata"
13.4,JJ Roy,M Pathirana,0,RK Singh,"{'extras': 0, 'total': 0, 'batsman': 0}",0,0.0,0.0,0.0,0,0,0,0,0,0,0,0,Kolkata Knight Riders,Kolkata,2023-04-23,male,T20,0,Chennai Super Kings,runs,49,0,0,0,0,AM Rahane,20,Chennai Super Kings,Kolkata Knight Riders,Kolkata Knight Riders,field,"Eden Gardens, Kolkata"
13.5,JJ Roy,M Pathirana,0,RK Singh,"{'extras': 0, 'total': 1, 'batsman': 1}",0,0.0,0.0,0.0,0,0,0,0,0,1,0,1,Kolkata Knight Riders,Kolkata,2023-04-23,male,T20,0,Chennai Super Kings,runs,49,0,0,0,0,AM Rahane,20,Chennai Super Kings,Kolkata Knight Riders,Kolkata Knight Riders,field,"Eden Gardens, Kolkata"
13.6,RK Singh,M Pathirana,0,JJ Roy,"{'extras': 0, 'total': 1, 'batsman': 1}",0,0.0,0.0,0.0,0,0,0,0,0,1,0,1,Kolkata Knight Riders,Kolkata,2023-04-23,male,T20,0,Chennai Super Kings,runs,49,0,0,0,0,AM Rahane,20,Chennai Super Kings,Kolkata Knight Riders,Kolkata Knight Riders,field,"Eden Gardens, Kolkata"
13.7,JJ Roy,M Pathirana,0,RK Singh,"{'extras': 0, 'total': 1, 'batsman': 1}",0,0.0,0.0,0.0,0,0,0,0,0,1,0,1,Kolkata Knight Riders,Kolkata,2023-04-23,male,T20,0,Chennai Super Kings,runs,49,0,0,0,0,AM Rahane,20,Chennai Super Kings,Kolkata Knight Riders,Kolkata Knight Riders,field,"Eden Gardens, Kolkata"
14.1,JJ Roy,M Theekshana,0,RK Singh,"{'extras': 0, 'total': 4, 'batsman': 4}",0,0.0,0.0,0.0,0,0,0,0,0,4,0,4,Kolkata Knight Riders,Kolkata,2023-04-23,male,T20,0,Chennai Super Kings,runs,49,0,0,0,0,AM Rahane,20,Chennai Super Kings,Kolkata Knight Riders,Kolkata Knight Riders,field,"Eden Gardens, Kolkata"
14.2,JJ Roy,M Theekshana,0,RK Singh,"{'extras': 0, 'total': 4, 'batsman': 4}",0,0.0,0.0,0.0,0,0,0,0,0,4,0,4,Kolkata Knight Riders,Kolkata,2023-04-23,male,T20,0,Chennai Super Kings,runs,49,0,0,0,0,AM Rahane,20,Chennai Super Kings,Kolkata Knight Riders,Kolkata Knight Riders,field,"Eden Gardens, Kolkata"
14.3,JJ Roy,M Theekshana,0,RK Singh,"{'extras': 0, 'total': 0, 'batsman': 0}","{'player_out': 'JJ Roy', 'kind': 'bowled'}",0.0,0.0,0.0,0,0,bowled,JJ Roy,0,0,0,0,Kolkata Knight Riders,Kolkata,2023-04-23,male,T20,0,Chennai Super Kings,runs,49,0,0,0,0,AM Rahane,20,Chennai Super Kings,Kolkata Knight Riders,Kolkata Knight Riders,field,"Eden Gardens, Kolkata"
14.4,AD Russell,M Theekshana,0,RK Singh,"{'extras': 0, 'total': 0, 'batsman': 0}",0,0.0,0.0,0.0,0,0,0,0,0,0,0,0,Kolkata Knight Riders,Kolkata,2023-04-23,male,T20,0,Chennai Super Kings,runs,49,0,0,0,0,AM Rahane,20,Chennai Super Kings,Kolkata Knight Riders,Kolkata Knight Riders,field,"Eden Gardens, Kolkata"
14.5,AD Russell,M Theekshana,0,RK Singh,"{'extras': 0, 'total': 1, 'batsman': 1}",0,0.0,0.0,0.0,0,0,0,0,0,1,0,1,Kolkata Knight Riders,Kolkata,2023-04-23,male,T20,0,Chennai Super Kings,runs,49,0,0,0,0,AM Rahane,20,Chennai Super Kings,Kolkata Knight Riders,Kolkata Knight Riders,field,"Eden Gardens, Kolkata"
14.6,RK Singh,M Theekshana,0,AD Russell,"{'extras': 0, 'total': 1, 'batsman': 1}",0,0.0,0.0,0.0,0,0,0,0,0,1,0,1,Kolkata Knight Riders,Kolkata,2023-04-23,male,T20,0,Chennai Super Kings,runs,49,0,0,0,0,AM Rahane,20,Chennai Super Kings,Kolkata Knight Riders,Kolkata Knight Riders,field,"Eden Gardens, Kolkata"
15.1,RK Singh,TU Deshpande,0,AD Russell,"{'extras': 0, 'total': 0, 'batsman': 0}",0,0.0,0.0,0.0,0,0,0,0,0,0,0,0,Kolkata Knight Riders,Kolkata,2023-04-23,male,T20,0,Chennai Super Kings,runs,49,0,0,0,0,AM Rahane,20,Chennai Super Kings,Kolkata Knight Riders,Kolkata Knight Riders,field,"Eden Gardens, Kolkata"
15.2,RK Singh,TU Deshpande,{'wides': 1},AD Russell,"{'extras': 1, 'total': 1, 'batsman': 0}",0,1.0,0.0,0.0,0,0,0,0,0,0,1,1,Kolkata Knight Riders,Kolkata,2023-04-23,male,T20,0,Chennai Super Kings,runs,49,0,0,0,0,AM Rahane,20,Chennai Super Kings,Kolkata Knight Riders,Kolkata Knight Riders,field,"Eden Gardens, Kolkata"
15.3,RK Singh,TU Deshpande,0,AD Russell,"{'extras': 0, 'total': 4, 'batsman': 4}",0,0.0,0.0,0.0,0,0,0,0,0,4,0,4,Kolkata Knight Riders,Kolkata,2023-04-23,male,T20,0,Chennai Super Kings,runs,49,0,0,0,0,AM Rahane,20,Chennai Super Kings,Kolkata Knight Riders,Kolkata Knight Riders,field,"Eden Gardens, Kolkata"
15.4,RK Singh,TU Deshpande,0,AD Russell,"{'extras': 0, 'total': 4, 'batsman': 4}",0,0.0,0.0,0.0,0,0,0,0,0,4,0,4,Kolkata Knight Riders,Kolkata,2023-04-23,male,T20,0,Chennai Super Kings,runs,49,0,0,0,0,AM Rahane,20,Chennai Super Kings,Kolkata Knight Riders,Kolkata Knight Riders,field,"Eden Gardens, Kolkata"
15.5,RK Singh,TU Deshpande,0,AD Russell,"{'extras': 0, 'total': 1, 'batsman': 1}",0,0.0,0.0,0.0,0,0,0,0,0,1,0,1,Kolkata Knight Riders,Kolkata,2023-04-23,male,T20,0,Chennai Super Kings,runs,49,0,0,0,0,AM Rahane,20,Chennai Super Kings,Kolkata Knight Riders,Kolkata Knight Riders,field,"Eden Gardens, Kolkata"
15.6,AD Russell,TU Deshpande,{'wides': 1},RK Singh,"{'extras': 1, 'total': 1, 'batsman': 0}",0,1.0,0.0,0.0,0,0,0,0,0,0,1,1,Kolkata Knight Riders,Kolkata,2023-04-23,male,T20,0,Chennai Super Kings,runs,49,0,0,0,0,AM Rahane,20,Chennai Super Kings,Kolkata Knight Riders,Kolkata Knight Riders,field,"Eden Gardens, Kolkata"
15.7,AD Russell,TU Deshpande,0,RK Singh,"{'extras': 0, 'total': 2, 'batsman': 2}",0,0.0,0.0,0.0,0,0,0,0,0,2,0,2,Kolkata Knight Riders,Kolkata,2023-04-23,male,T20,0,Chennai Super Kings,runs,49,0,0,0,0,AM Rahane,20,Chennai Super Kings,Kolkata Knight Riders,Kolkata Knight Riders,field,"Eden Gardens, Kolkata"
15.8,AD Russell,TU Deshpande,0,RK Singh,"{'extras': 0, 'total': 6, 'batsman': 6}",0,0.0,0.0,0.0,0,0,0,0,0,6,0,6,Kolkata Knight Riders,Kolkata,2023-04-23,male,T20,0,Chennai Super Kings,runs,49,0,0,0,0,AM Rahane,20,Chennai Super Kings,Kolkata Knight Riders,Kolkata Knight Riders,field,"Eden Gardens, Kolkata"
16.1,RK Singh,M Pathirana,{'wides': 1},AD Russell,"{'extras': 1, 'total': 1, 'batsman': 0}",0,1.0,0.0,0.0,0,0,0,0,0,0,1,1,Kolkata Knight Riders,Kolkata,2023-04-23,male,T20,0,Chennai Super Kings,runs,49,0,0,0,0,AM Rahane,20,Chennai Super Kings,Kolkata Knight Riders,Kolkata Knight Riders,field,"Eden Gardens, Kolkata"
16.2,RK Singh,M Pathirana,0,AD Russell,"{'extras': 0, 'total': 4, 'batsman': 4}",0,0.0,0.0,0.0,0,0,0,0,0,4,0,4,Kolkata Knight Riders,Kolkata,2023-04-23,male,T20,0,Chennai Super Kings,runs,49,0,0,0,0,AM Rahane,20,Chennai Super Kings,Kolkata Knight Riders,Kolkata Knight Riders,field,"Eden Gardens, Kolkata"
16.3,RK Singh,M Pathirana,0,AD Russell,"{'extras': 0, 'total': 1, 'batsman': 1}",0,0.0,0.0,0.0,0,0,0,0,0,1,0,1,Kolkata Knight Riders,Kolkata,2023-04-23,male,T20,0,Chennai Super Kings,runs,49,0,0,0,0,AM Rahane,20,Chennai Super Kings,Kolkata Knight Riders,Kolkata Knight Riders,field,"Eden Gardens, Kolkata"
16.4,AD Russell,M Pathirana,0,RK Singh,"{'extras': 0, 'total': 0, 'batsman': 0}",0,0.0,0.0,0.0,0,0,0,0,0,0,0,0,Kolkata Knight Riders,Kolkata,2023-04-23,male,T20,0,Chennai Super Kings,runs,49,0,0,0,0,AM Rahane,20,Chennai Super Kings,Kolkata Knight Riders,Kolkata Knight Riders,field,"Eden Gardens, Kolkata"
16.5,AD Russell,M Pathirana,0,RK Singh,"{'extras': 0, 'total': 0, 'batsman': 0}","{'player_out': 'AD Russell', 'fielders': ['S Dube'], 'kind': 'caught'}",0.0,0.0,0.0,0,0,caught,AD Russell,['S Dube'],0,0,0,Kolkata Knight Riders,Kolkata,2023-04-23,male,T20,0,Chennai Super Kings,runs,49,0,0,0,0,AM Rahane,20,Chennai Super Kings,Kolkata Knight Riders,Kolkata Knight Riders,field,"Eden Gardens, Kolkata"
16.6,D Wiese,M Pathirana,0,RK Singh,"{'extras': 0, 'total': 1, 'batsman': 1}",0,0.0,0.0,0.0,0,0,0,0,0,1,0,1,Kolkata Knight Riders,Kolkata,2023-04-23,male,T20,0,Chennai Super Kings,runs,49,0,0,0,0,AM Rahane,20,Chennai Super Kings,Kolkata Knight Riders,Kolkata Knight Riders,field,"Eden Gardens, Kolkata"
16.7,RK Singh,M Pathirana,0,D Wiese,"{'extras': 0, 'total': 1, 'batsman': 1}",0,0.0,0.0,0.0,0,0,0,0,0,1,0,1,Kolkata Knight Riders,Kolkata,2023-04-23,male,T20,0,Chennai Super Kings,runs,49,0,0,0,0,AM Rahane,20,Chennai Super Kings,Kolkata Knight Riders,Kolkata Knight Riders,field,"Eden Gardens, Kolkata"
17.1,RK Singh,TU Deshpande,0,D Wiese,"{'extras': 0, 'total': 6, 'batsman': 6}",0,0.0,0.0,0.0,0,0,0,0,0,6,0,6,Kolkata Knight Riders,Kolkata,2023-04-23,male,T20,0,Chennai Super Kings,runs,49,0,0,0,0,AM Rahane,20,Chennai Super Kings,Kolkata Knight Riders,Kolkata Knight Riders,field,"Eden Gardens, Kolkata"
17.2,RK Singh,TU Deshpande,0,D Wiese,"{'extras': 0, 'total': 1, 'batsman': 1}",0,0.0,0.0,0.0,0,0,0,0,0,1,0,1,Kolkata Knight Riders,Kolkata,2023-04-23,male,T20,0,Chennai Super Kings,runs,49,0,0,0,0,AM Rahane,20,Chennai Super Kings,Kolkata Knight Riders,Kolkata Knight Riders,field,"Eden Gardens, Kolkata"
17.3,D Wiese,TU Deshpande,0,RK Singh,"{'extras': 0, 'total': 0, 'batsman': 0}","{'player_out': 'D Wiese', 'kind': 'lbw'}",0.0,0.0,0.0,0,0,lbw,D Wiese,0,0,0,0,Kolkata Knight Riders,Kolkata,2023-04-23,male,T20,0,Chennai Super Kings,runs,49,0,0,0,0,AM Rahane,20,Chennai Super Kings,Kolkata Knight Riders,Kolkata Knight Riders,field,"Eden Gardens, Kolkata"
17.4,UT Yadav,TU Deshpande,0,RK Singh,"{'extras': 0, 'total': 0, 'batsman': 0}",0,0.0,0.0,0.0,0,0,0,0,0,0,0,0,Kolkata Knight Riders,Kolkata,2023-04-23,male,T20,0,Chennai Super Kings,runs,49,0,0,0,0,AM Rahane,20,Chennai Super Kings,Kolkata Knight Riders,Kolkata Knight Riders,field,"Eden Gardens, Kolkata"
17.5,UT Yadav,TU Deshpande,{'wides': 1},RK Singh,"{'extras': 1, 'total': 1, 'batsman': 0}",0,1.0,0.0,0.0,0,0,0,0,0,0,1,1,Kolkata Knight Riders,Kolkata,2023-04-23,male,T20,0,Chennai Super Kings,runs,49,0,0,0,0,AM Rahane,20,Chennai Super Kings,Kolkata Knight Riders,Kolkata Knight Riders,field,"Eden Gardens, Kolkata"
17.6,UT Yadav,TU Deshpande,0,RK Singh,"{'extras': 0, 'total': 2, 'batsman': 2}",0,0.0,0.0,0.0,0,0,0,0,0,2,0,2,Kolkata Knight Riders,Kolkata,2023-04-23,male,T20,0,Chennai Super Kings,runs,49,0,0,0,0,AM Rahane,20,Chennai Super Kings,Kolkata Knight Riders,Kolkata Knight Riders,field,"Eden Gardens, Kolkata"
17.7,UT Yadav,TU Deshpande,{'wides': 1},RK Singh,"{'extras': 1, 'total': 1, 'batsman': 0}",0,1.0,0.0,0.0,0,0,0,0,0,0,1,1,Kolkata Knight Riders,Kolkata,2023-04-23,male,T20,0,Chennai Super Kings,runs,49,0,0,0,0,AM Rahane,20,Chennai Super Kings,Kolkata Knight Riders,Kolkata Knight Riders,field,"Eden Gardens, Kolkata"
17.8,UT Yadav,TU Deshpande,0,RK Singh,"{'extras': 0, 'total': 2, 'batsman': 2}",0,0.0,0.0,0.0,0,0,0,0,0,2,0,2,Kolkata Knight Riders,Kolkata,2023-04-23,male,T20,0,Chennai Super Kings,runs,49,0,0,0,0,AM Rahane,20,Chennai Super Kings,Kolkata Knight Riders,Kolkata Knight Riders,field,"Eden Gardens, Kolkata"
18.1,RK Singh,M Theekshana,0,UT Yadav,"{'extras': 0, 'total': 2, 'batsman': 2}",0,0.0,0.0,0.0,0,0,0,0,0,2,0,2,Kolkata Knight Riders,Kolkata,2023-04-23,male,T20,0,Chennai Super Kings,runs,49,0,0,0,0,AM Rahane,20,Chennai Super Kings,Kolkata Knight Riders,Kolkata Knight Riders,field,"Eden Gardens, Kolkata"
18.2,RK Singh,M Theekshana,0,UT Yadav,"{'extras': 0, 'total': 1, 'batsman': 1}",0,0.0,0.0,0.0,0,0,0,0,0,1,0,1,Kolkata Knight Riders,Kolkata,2023-04-23,male,T20,0,Chennai Super Kings,runs,49,0,0,0,0,AM Rahane,20,Chennai Super Kings,Kolkata Knight Riders,Kolkata Knight Riders,field,"Eden Gardens, Kolkata"
18.3,UT Yadav,M Theekshana,0,RK Singh,"{'extras': 0, 'total': 0, 'batsman': 0}","{'player_out': 'UT Yadav', 'fielders': ['DP Conway'], 'kind': 'caught'}",0.0,0.0,0.0,0,0,caught,UT Yadav,['DP Conway'],0,0,0,Kolkata Knight Riders,Kolkata,2023-04-23,male,T20,0,Chennai Super Kings,runs,49,0,0,0,0,AM Rahane,20,Chennai Super Kings,Kolkata Knight Riders,Kolkata Knight Riders,field,"Eden Gardens, Kolkata"
18.4,CV Varun,M Theekshana,0,RK Singh,"{'extras': 0, 'total': 0, 'batsman': 0}",0,0.0,0.0,0.0,0,0,0,0,0,0,0,0,Kolkata Knight Riders,Kolkata,2023-04-23,male,T20,0,Chennai Super Kings,runs,49,0,0,0,0,AM Rahane,20,Chennai Super Kings,Kolkata Knight Riders,Kolkata Knight Riders,field,"Eden Gardens, Kolkata"
18.5,CV Varun,M Theekshana,0,RK Singh,"{'extras': 0, 'total': 0, 'batsman': 0}",0,0.0,0.0,0.0,0,0,0,0,0,0,0,0,Kolkata Knight Riders,Kolkata,2023-04-23,male,T20,0,Chennai Super Kings,runs,49,0,0,0,0,AM Rahane,20,Chennai Super Kings,Kolkata Knight Riders,Kolkata Knight Riders,field,"Eden Gardens, Kolkata"
18.6,CV Varun,M Theekshana,0,RK Singh,"{'extras': 0, 'total': 0, 'batsman': 0}",0,0.0,0.0,0.0,0,0,0,0,0,0,0,0,Kolkata Knight Riders,Kolkata,2023-04-23,male,T20,0,Chennai Super Kings,runs,49,0,0,0,0,AM Rahane,20,Chennai Super Kings,Kolkata Knight Riders,Kolkata Knight Riders,field,"Eden Gardens, Kolkata"
19.1,RK Singh,M Pathirana,0,CV Varun,"{'extras': 0, 'total': 0, 'batsman': 0}",0,0.0,0.0,0.0,0,0,0,0,0,0,0,0,Kolkata Knight Riders,Kolkata,2023-04-23,male,T20,0,Chennai Super Kings,runs,49,0,0,0,0,AM Rahane,20,Chennai Super Kings,Kolkata Knight Riders,Kolkata Knight Riders,field,"Eden Gardens, Kolkata"
19.2,RK Singh,M Pathirana,0,CV Varun,"{'extras': 0, 'total': 0, 'batsman': 0}",0,0.0,0.0,0.0,0,0,0,0,0,0,0,0,Kolkata Knight Riders,Kolkata,2023-04-23,male,T20,0,Chennai Super Kings,runs,49,0,0,0,0,AM Rahane,20,Chennai Super Kings,Kolkata Knight Riders,Kolkata Knight Riders,field,"Eden Gardens, Kolkata"
19.3,RK Singh,M Pathirana,0,CV Varun,"{'extras': 0, 'total': 6, 'batsman': 6}",0,0.0,0.0,0.0,0,0,0,0,0,6,0,6,Kolkata Knight Riders,Kolkata,2023-04-23,male,T20,0,Chennai Super Kings,runs,49,0,0,0,0,AM Rahane,20,Chennai Super Kings,Kolkata Knight Riders,Kolkata Knight Riders,field,"Eden Gardens, Kolkata"
19.4,RK Singh,M Pathirana,0,CV Varun,"{'extras': 0, 'total': 0, 'batsman': 0}",0,0.0,0.0,0.0,0,0,0,0,0,0,0,0,Kolkata Knight Riders,Kolkata,2023-04-23,male,T20,0,Chennai Super Kings,runs,49,0,0,0,0,AM Rahane,20,Chennai Super Kings,Kolkata Knight Riders,Kolkata Knight Riders,field,"Eden Gardens, Kolkata"
19.5,RK Singh,M Pathirana,0,CV Varun,"{'extras': 0, 'total': 0, 'batsman': 0}",0,0.0,0.0,0.0,0,0,0,0,0,0,0,0,Kolkata Knight Riders,Kolkata,2023-04-23,male,T20,0,Chennai Super Kings,runs,49,0,0,0,0,AM Rahane,20,Chennai Super Kings,Kolkata Knight Riders,Kolkata Knight Riders,field,"Eden Gardens, Kolkata"
19.6,RK Singh,M Pathirana,0,CV Varun,"{'extras': 0, 'total': 0, 'batsman': 0}",0,0.0,0.0,0.0,0,0,0,0,0,0,0,0,Kolkata Knight Riders,Kolkata,2023-04-23,male,T20,0,Chennai Super Kings,runs,49,0,0,0,0,AM Rahane,20,Chennai Super Kings,Kolkata Knight Riders,Kolkata Knight Riders,field,"Eden Gardens, Kolkata"
